chr begin end length.cnv length.pin ile.pin
1 4543701 4561800 18100 8191 34
1 5233201 5240000 6800 19656 7
1 5257701 5265200 7500 48762 9
1 11516201 11534900 18700 276 1
1 14285801 14288500 2700 2616 1
1 15885501 15889500 4000 391331 1
1 31953301 31957800 4500 1487382 1
1 45142501 45145100 2600 94 1
1 57453201 57460200 7000 29673 5
1 113199801 113203600 3800 321135 38
1 122023101 122027300 4200 1161360 2
1 122094001 122098700 4700 1161360 2
1 123104001 123124600 20600 105375 2
1 124938201 124954900 16700 64 3
1 145293401 145334900 41500 504 198
1 145335101 145340700 5600 48428 629
1 145356101 145384800 28700 100784 545
1 145385101 145403500 18400 145364 356
1 145403901 145419400 15500 145364 316
1 145419601 145428600 9000 145364 244
1 145428801 145442800 14000 153032 164
1 145443001 145448700 5700 153032 72
1 145952101 145954400 2300 1110798 1
1 145989601 145993100 3500 1110798 1
1 146059201 146069600 10400 1110798 1
1 148051001 148054200 3200 164862 1
2 20303501 20307500 4000 253 1
2 44660301 44667100 6800 13721 1
2 44669901 44674000 4100 13721 1
2 54100301 54124200 23900 97 1
2 58102801 58105700 2900 1825540 1
2 83083301 83092700 9400 137245 1
2 100624401 100631500 7100 492739 4
2 100713101 100715800 2700 2590 1
2 124760901 124768700 7800 13106 5
2 133158301 133187600 29300 31726 3
2 133284701 133295800 11100 23078 2
2 136808501 136810300 1800 11696 3
2 136813001 136815100 2100 11696 4
2 136843901 136845300 1400 225692 8
2 136855201 136857800 2600 225692 8
2 136924201 136928700 4500 225692 8
2 136950301 136953000 2700 225692 8
2 136962001 136963600 1600 225692 8
3 144601 160500 15900 99 1
3 1019001 1026500 7500 342534 23
3 1035601 1043700 8100 26244 29
3 8102301 8111900 9600 9529 2
3 11991001 12002900 11900 44059 1
3 12003201 12022500 19300 44059 8
3 12052001 12056800 4800 49429 6
3 13188301 13189900 1600 3731 1
3 17443701 17467300 23600 124070 1
3 17551601 17554600 3000 124070 5
3 21201401 21209700 8300 159748 2
3 21227701 21233100 5400 7923 1
3 21407101 21410000 2900 2557 2
3 22764701 22769900 5200 69086 1
3 22772101 22830500 58400 20572 2
3 40180901 40183300 2400 94 1
3 54597301 54622500 25200 545878 13
3 54908801 54913400 4600 270066 1
3 82749301 82758200 8900 175984 5
3 82772801 82780000 7200 175984 5
3 82780201 82783300 3100 175984 5
3 82783501 82788100 4600 175984 5
3 82788301 82792800 4500 175984 5
3 82793101 82808000 14900 175984 6
3 82817501 82823200 5700 175984 6
3 82831001 82834400 3400 175984 6
3 82843401 82847400 4000 175984 6
3 82873301 82876500 3200 175984 3
3 82876701 82880500 3800 175984 3
3 82885701 82890300 4600 175984 3
3 82898001 82902000 4000 175984 3
3 85618901 85624600 5700 845899 1
3 95023201 95026100 2900 688 3
3 99790801 99794400 3600 39685 1
3 118678301 118681500 3200 6777 1
3 120018801 120025400 6600 79145 1
3 120038901 120040400 1500 79145 1
3 120070701 120083900 13200 79145 1
4 3410101 3413700 3600 2559 1
4 27719801 27723900 4100 38397 14
4 27735101 27743700 8600 38397 15
4 28198201 28203600 5400 2811 68
4 28955801 28961800 6000 2885764 5
4 28966001 28990900 24900 2885764 5
4 28991101 28997900 6800 2885764 5
4 28998101 29002800 4700 2885764 5
4 29003101 29007700 4600 2885764 5
4 29952801 29956300 3500 2885764 5
4 30313201 30319800 6600 2885764 5
4 30515901 30519800 3900 2885764 5
4 41473401 41478200 4800 16512 62
4 47531601 47535000 3400 6126 1
4 57400901 57411600 10700 17985 106
4 57411801 57414600 2800 17985 66
4 57420801 57438000 17200 229 2
4 83406201 83409100 2900 22226 6
4 83413301 83415300 2000 22226 6
4 99807801 99811300 3500 93712 6
4 99817501 99837500 20000 93712 6
4 99903101 99913000 9900 97621 12
4 99952101 99956800 4700 4726 2
4 103650601 103657100 6500 17808 38
4 106459901 106461800 1900 11516 8
4 106464401 106476000 11600 31682 7
4 106479801 106551900 72100 94713 38
4 106670101 106674800 4700 151506 5
4 106743701 106746300 2600 151506 20
4 106749401 106753900 4500 151506 28
4 106779801 106781400 1600 151506 24
4 106791501 106794200 2700 151506 13
4 113902301 113907900 5600 34072 1
4 113909501 113918400 8900 34072 1
4 113928101 113934400 6300 66908 1
4 113934801 113940600 5800 66908 1
4 113941001 113960900 19900 66908 1
4 113964101 113986600 22500 66908 1
4 113987701 113990100 2400 66908 1
4 120682801 120685600 2800 185063 25
4 120736001 120738700 2700 185063 25
4 120742401 120744600 2200 185063 25
4 120745001 120749400 4400 185063 25
4 120763001 120767300 4300 185063 25
4 120767801 120769600 1800 185063 25
4 120785401 120787000 1600 185063 25
4 120796101 120799500 3400 185063 25
4 120801201 120802100 900 185063 25
4 120822401 120826300 3900 185063 25
5 1301 4800 3500 94 3
5 44431701 44454100 22400 112075 4
5 44472901 44475100 2200 112075 7
5 58770601 58772300 1700 93316 3
5 60035301 60039200 3900 89362 1
5 60041101 60043700 2600 89362 1
5 74641201 74664600 23400 33133 3
5 99579101 99584300 5200 95030 4
5 99659501 99664200 4700 95030 21
5 99698801 99702600 3800 205666 21
5 99721001 99724800 3800 205666 32
5 99725901 99738400 12500 205666 34
5 99777901 99799400 21500 205666 19
5 100983101 100990600 7500 168006 3
5 101008201 101012900 4700 168006 3
5 102396101 102409800 13700 172023 1
5 102414501 102416500 2000 172023 1
5 102423901 102452500 28600 172023 1
5 102456201 102479100 22900 172023 1
5 102561801 102590000 28200 143004 10
5 102590601 102614600 24000 145219 5
5 103191801 103222100 30300 206851 1
5 103377001 103406600 29600 136946 2
5 103426701 103431000 4300 136946 2
5 114115901 114125400 9500 66799 130
5 114125701 114134500 8800 66799 128
5 114139501 114144400 4900 66799 121
5 114150101 114159100 9000 66799 160
5 114162601 114165600 3000 66799 192
5 114167401 114180700 13300 74734 79
5 114180901 114187200 6300 81252 64
5 114187401 114192800 5400 81252 89
5 114212001 114226000 14000 100334 1
5 117312701 117377100 64400 17501 2
6 361501 365400 3900 3008577 1
6 2825101 2834300 9200 3008577 1
6 4967401 4973500 6100 1214201 3
6 5283801 5286400 2600 1214201 2
6 5333501 5335400 1900 1214201 10
6 5376201 5378500 2300 1214201 32
6 5398801 5401200 2400 1214201 32
6 5406401 5413200 6800 1214201 32
6 5420101 5423400 3300 1214201 29
6 5445201 5448400 3200 1214201 34
6 5487601 5502200 14600 1214201 44
6 5533501 5536600 3100 1214201 45
6 5554401 5586200 31800 1832724 47
6 5591501 5594400 2900 1832724 58
6 5594601 5598100 3500 1832724 63
6 5607601 5611400 3800 1832724 63
6 5624601 5631300 6700 1832724 65
6 5641401 5645800 4400 1832724 67
6 5658501 5662900 4400 1832724 68
6 5663201 5670100 6900 1832724 68
6 5693401 5698300 4900 1832724 65
6 5703101 5706400 3300 1832724 63
6 5710401 5713700 3300 1832724 63
6 5725901 5728500 2600 1832724 63
6 5746301 5750100 3800 1832724 64
6 5832801 5835400 2600 1832724 62
6 5846801 5859600 12800 1832724 62
6 5870801 5876100 5300 1832724 65
6 5882901 5885900 3000 1832724 65
6 6002401 6009200 6800 1832724 55
6 6084901 6088800 3900 1832724 41
6 6089001 6093100 4100 1832724 41
6 6144001 6154500 10500 1832724 61
6 6154901 6158000 3100 1832724 50
6 6161201 6165100 3900 1832724 42
6 6188301 6197300 9000 1237957 41
6 6203501 6208100 4600 1237957 42
6 6208401 6210900 2500 1237957 41
6 6265301 6268900 3600 1237957 31
6 6328201 6330300 2100 1237957 31
6 6330501 6334300 3800 1237957 31
6 6351301 6356100 4800 1237957 33
6 6375501 6378000 2500 1237957 33
6 6385201 6391500 6300 1237957 32
6 6399001 6399600 600 1237957 32
6 6404301 6406700 2400 1237957 32
6 6429201 6433700 4500 1237957 31
6 6433901 6436400 2500 1237957 31
6 6439201 6448700 9500 1237957 31
6 6466601 6469200 2600 1237957 33
6 6481701 6488900 7200 1237957 33
6 6527901 6533200 5300 1237957 31
6 6566501 6569500 3000 707641 10
6 6598601 6604200 5600 428703 12
6 6609601 6614900 5300 428703 15
6 6620101 6624900 4800 530737 10
6 7108201 7109600 1400 80637 2
6 7134301 7136400 2100 80637 2
6 7173501 7184900 11400 80637 2
6 88681801 88693600 11800 11779 1
6 108525701 108530100 4400 5221 3
6 108550501 108555400 4900 761880 1
6 109292901 109296500 3600 761880 1
7 132401 136300 3900 68681 1
7 4897001 4903600 6600 53 1
7 8519101 8522900 3800 3446843 2
7 9125801 9131100 5300 3446843 2
7 9713101 9716800 3700 562216 6
7 9720301 9752100 31800 562216 6
7 9783801 9790000 6200 562216 6
7 9793001 9794700 1700 604131 5
7 9794901 9805400 10500 604131 5
7 9827801 9835100 7300 604131 16
7 9876701 9881500 4800 95278 17
7 9891401 9907400 16000 98770 6
7 9930401 9934300 3900 98770 6
7 10154201 10166500 12300 1210131 2
7 10435001 10439900 4900 1210131 3
7 10531401 10539300 7900 1210131 3
7 10635401 10639600 4200 1210131 3
7 10985701 10987500 1800 799947 4
7 11578701 11591400 12700 168121 8
7 11596801 11615900 19100 168121 8
7 11699001 11722200 23200 491752 23
7 11723101 11729800 6700 491752 23
7 11759101 11767100 8000 491752 23
7 11789701 11807500 17800 491752 22
7 11823101 11838100 15000 491752 24
7 11936201 11941100 4900 491752 29
7 11942801 11954600 11800 491752 21
7 11966801 11982200 15400 491752 19
7 11986901 11998500 11600 491752 15
7 12023501 12028000 4500 491752 5
7 14577601 14588700 11100 7671 2
7 15693501 15695800 2300 17723 5
7 27199501 27207400 7900 2224255 2
7 27366501 27368600 2100 2224255 2
7 30024101 30028500 4400 94 3
7 44503501 44506300 2800 8883 1
7 56572001 56578000 6000 36393 142
7 56581201 56610800 29600 50881 171
7 56611001 56616800 5800 50881 103
7 66692501 66700100 7600 2781 4
7 70663401 70665700 2300 364912 7
7 70708101 70709400 1300 186808 1
7 71932001 71937900 5900 20947 5
7 105828601 105836200 7600 84797 2
7 105836401 105839800 3400 84797 3
7 105840201 105859400 19200 84797 41
7 105891901 105896800 4900 84797 5
7 105921801 105932500 10700 586 1
8 10195301 10200800 5500 1757211 3
8 11933301 11940400 7100 1757211 3
8 11944301 11947900 3600 1757211 3
8 22604401 22607100 2700 12856 5
8 22609401 22631000 21600 25191 6
8 22995401 22999100 3700 103788 1
8 23219001 23229700 10700 96201 1
8 23230301 23250600 20300 96201 1
8 25746401 25758300 11900 4188 13
8 25913001 25916700 3700 898 1
8 36076501 36083900 7400 241509 51
8 36086801 36089000 2200 241509 51
8 36101101 36104800 3700 241509 52
8 36128101 36145000 16900 20769 7
8 39808501 39812600 4100 1840802 1
8 45465201 45472300 7100 3148 25
8 56715401 56724300 8900 3242 44
8 70882001 70884700 2700 80565 3
8 70897401 70906200 8800 80565 3
8 71000601 71002800 2200 312463 8
8 73092101 73097400 5300 66952 2
8 74482601 74511000 28400 2671 24
8 74511401 74519000 7600 126427 24
8 74519401 74539000 19600 126427 35
8 74539401 74553200 13800 126427 75
8 74564601 74570400 5800 126427 78
8 74571001 74586600 15600 126427 55
8 74602001 74607100 5100 126427 114
8 74607301 74614800 7500 126427 104
8 74621801 74627100 5300 293028 103
8 74632301 74635100 2800 293028 97
8 74635301 74644900 9600 293028 40
8 74645301 74650400 5100 293028 39
8 74650601 74656200 5600 293028 37
8 74685001 74687800 2800 293028 33
8 74708801 74724600 15800 293028 19
8 74734901 74742600 7700 293028 58
8 83233401 83258800 25400 7540 300
8 91548201 91563700 15500 15466 1
9 1701 3800 2100 38871 11
9 38801 42800 4000 2783 2
9 7765301 7771000 5700 2000 6
9 7787101 7796400 9300 3096 6
9 27218501 27225800 7300 31129 1
9 27226101 27229200 3100 31129 1
9 40757501 40828000 70500 115511 1
9 40829701 40836300 6600 115511 1
9 40840401 40872000 31600 115511 1
9 45015101 45019500 4400 94 1
9 45019801 45023600 3800 96 1
9 45032001 45037100 5100 93 1
9 68895701 68901000 5300 3406 1
9 88271401 88273900 2500 778505 2
9 88292201 88295700 3500 778505 4
9 88402401 88408100 5700 778505 2
9 88787301 88790500 3200 778505 2
10 9975901 9994800 18900 481 1
10 22408901 22410700 1800 34123 2
10 22411001 22419800 8800 34123 2
10 22487901 22512500 24600 5813 1
10 22543501 22556600 13100 202523 3
10 22608701 22654500 45800 202523 9
10 22659701 22674300 14600 202523 14
10 22790701 22796900 6200 2044261 18
10 22931901 22949000 17100 2044261 31
10 23016701 23032600 15900 2044261 31
10 23034901 23038500 3600 2044261 31
10 23051301 23054800 3500 2044261 31
10 23093501 23106900 13400 2044261 31
10 23107701 23122600 14900 2044261 31
10 23431201 23435700 4500 2044261 56
10 23544101 23580400 36300 2044261 57
10 23750201 23768300 18100 2044261 66
10 23994601 24003600 9000 2044261 55
10 24462001 24468200 6200 2044261 40
10 24487101 24490900 3800 2044261 37
10 24561601 24570500 8900 2044261 30
10 24571701 24579700 8000 2217063 21
10 24925601 24927600 2000 376327 11
10 24934501 24950900 16400 376327 11
10 25247901 25249700 1800 2488386 7
10 59499501 59502700 3200 28712 9
10 64466401 64475400 9000 19056 2
10 87434901 87439900 5000 709782 1
10 87750001 87754700 4700 709782 1
10 87809201 87814500 5300 709782 1
10 104137201 104144500 7300 195601 3
11 49057501 49059100 1600 34237 3
11 49062901 49067000 4100 34237 7
11 49072301 49078700 6400 34237 8
11 49079601 49091000 11400 34237 10
11 70169501 70177200 7700 10435 3
11 74284301 74296600 12300 224 1
11 74296801 74302500 5700 271 1
11 107284201 107297200 13000 2476 29
11 107299001 107307400 8400 80 1
12 8548801 8552400 3600 2566 1
12 70544301 70549300 5000 889456 3
12 70696401 70700600 4200 889456 7
12 71022401 71036000 13600 889456 2
12 71227601 71245800 18200 4280988 1
12 71386901 71390500 3600 4280988 5
12 71394101 71413200 19100 4280988 5
12 71420001 71424300 4300 4280988 16
12 71434201 71438200 4000 4280988 16
12 71503201 71520100 16900 4280988 16
12 71520301 71526700 6400 4280988 18
12 71587701 71592100 4400 4280988 18
12 71608201 71624900 16700 4280988 32
12 71636601 71638800 2200 4280988 35
12 71681601 71691500 9900 4280988 35
12 71701701 71724300 22600 4280988 35
12 71736601 71750900 14300 4280988 35
12 71767101 71776500 9400 4280988 35
12 72022801 72029600 6800 4280988 45
12 72074301 72091100 16800 4280988 45
12 72172101 72182900 10800 4280988 45
12 72925901 72931900 6000 4280988 55
12 72933301 72940100 6800 4280988 58
12 72980301 72985000 4700 4280988 64
12 73034601 73057700 23100 4280988 68
12 73086101 73117500 31400 4280988 58
12 73120501 73128900 8400 4280988 62
12 73130101 73132900 2800 4280988 64
12 73163001 73170400 7400 4280988 76
12 73171001 73186800 15800 4280988 74
12 73187001 73192300 5300 4280988 76
12 73193101 73194600 1500 4280988 79
12 73195301 73205200 9900 4280988 81
12 73207801 73217100 9300 4280988 83
12 73218201 73219800 1600 4280988 84
12 73221101 73230400 9300 4280988 84
12 73238701 73241300 2600 4280988 119
12 73304301 73324500 20200 4280988 109
12 73330301 73351600 21300 4280988 106
12 73396301 73398700 2400 4280988 109
12 73474601 73484300 9700 4280988 117
12 73489001 73501500 12500 4280988 117
12 73582701 73585000 2300 4280988 111
12 73669101 73682900 13800 4280988 133
12 73685401 73699700 14300 4280988 133
12 73701201 73709600 8400 4280988 131
12 73793001 73794900 1900 4280988 118
12 73799301 73827400 28100 4280988 116
12 73828801 73864700 35900 4280988 116
12 74015001 74046600 31600 4280988 118
12 74085701 74089400 3700 4280988 115
12 74212201 74216300 4100 4280988 115
12 74267601 74277200 9600 4280988 115
12 74304301 74312400 8100 4280988 100
12 74313701 74344000 30300 4280988 98
12 74365701 74367900 2200 4280988 92
12 74368401 74370100 1700 4280988 89
12 74510401 74526300 15900 4280988 76
12 74595401 74605000 9600 4280988 79
12 74728501 74731600 3100 4280988 34
12 74731801 74738600 6800 4280988 34
12 74739201 74747500 8300 4280988 34
12 74748801 74755500 6700 4280988 33
12 75139501 75144000 4500 4488186 20
12 75151901 75159900 8000 4488186 19
12 75250101 75273900 23800 4488186 19
12 75279501 75291200 11700 4488186 19
12 75296401 75316400 20000 4488186 20
12 75327001 75340700 13700 4488186 20
12 75345801 75358100 12300 4488186 21
12 75360501 75373500 13000 4488186 21
12 75376101 75393300 17200 4488186 21
12 75398901 75401300 2400 4488186 23
12 75406001 75412200 6200 4488186 21
12 75431301 75433200 1900 4488186 21
12 75435901 75439200 3300 4488186 21
12 75440001 75447200 7200 4488186 21
12 75452201 75460100 7900 4488186 20
12 75462301 75487600 25300 4488186 18
12 75522601 75524700 2100 4488186 18
12 75532501 75548800 16300 4488186 15
12 75584501 75587900 3400 4488186 12
12 75609301 75618700 9400 4488186 12
12 75622901 75643900 21000 4488186 12
12 75680701 75702800 22100 4488186 15
12 75707001 75743500 36500 4488186 21
12 75756401 75838700 82300 4488186 30
12 75866801 75872100 5300 4488186 50
12 75914601 75923200 8600 4488186 52
12 76012301 76015500 3200 4698579 57
12 76051301 76056600 5300 4698579 57
12 76064001 76074100 10100 4698579 57
12 76106001 76120600 14600 4698579 56
12 76123801 76138000 14200 4698579 56
12 76140501 76142100 1600 4698579 56
12 76192901 76197900 5000 4698579 51
12 76213301 76216100 2800 4698579 55
12 76265301 76272500 7200 4698579 54
12 76298301 76300900 2600 4698579 49
12 76301501 76303200 1700 4698579 49
12 76308201 76313100 4900 4698579 47
12 76324601 76333700 9100 1369395 32
12 76425901 76431600 5700 1369395 29
12 76461901 76472400 10500 1369395 25
12 76481901 76498300 16400 1369395 25
12 76514401 76520300 5900 1369395 26
12 76521701 76523300 1600 1369395 26
12 76618201 76626300 8100 1369395 19
12 76639101 76649100 10000 1369395 12
12 76673401 76687800 14400 377646 9
13 39601 46900 7300 876524 36
13 96701 98300 1600 876524 36
13 275201 277100 1900 876524 36
13 876201 886900 10700 881961 15
13 5335701 5342900 7200 311558 2
13 10815101 10822600 7500 391389 1
13 10974801 11044100 69300 391389 28
13 11066301 11104500 38200 391389 28
13 11117101 11138000 20900 391389 28
13 11172301 11246800 74500 470795 9
13 11253801 11287200 33400 470795 27
13 11293601 11297400 3800 288802 13
13 11340901 11380500 39600 288802 6
13 48998301 49006100 7800 688 1
13 49006301 49009200 2900 13482 9
13 49012401 49015700 3300 13482 26
13 63042301 63056800 14500 123044 3
13 63057301 63060700 3400 123044 3
13 64744701 64766300 21600 63 1
13 83062101 83073800 11700 5317 329
14 33101 35200 2100 333930 66
14 54401 59300 4900 333930 108
14 59801 66200 6400 333930 110
14 66901 101400 34500 333930 108
14 104801 111400 6600 333930 160
14 112501 120700 8200 333930 168
14 155201 166100 10900 333930 183
14 172101 175100 3000 333930 204
14 175401 184400 9000 333930 213
14 237901 249300 11400 333930 232
14 250001 258100 8100 333930 231
14 263101 267100 4000 333930 257
14 284001 287100 3100 333930 271
14 296501 305600 9100 333930 257
14 328101 358400 30300 419854 261
14 364501 369400 4900 419854 299
14 369701 378400 8700 419854 299
14 391101 397600 6500 419854 286
14 411401 414800 3400 419854 329
14 417501 422700 5200 419854 329
14 426201 429400 3200 419854 329
14 430001 447500 17500 636185 300
14 453901 458800 4900 636185 302
14 468801 475200 6400 636185 303
14 475401 478200 2800 636185 319
14 478801 501400 22600 636185 260
14 502701 538600 35900 636185 321
14 540001 541500 1500 636185 343
14 542101 549100 7000 636185 315
14 549501 556500 7000 636185 321
14 614201 646900 32700 636185 256
14 653401 658500 5100 1329111 250
14 673401 677000 3600 1329111 250
14 679601 691000 11400 1329111 245
14 694001 707600 13600 1329111 245
14 708201 713500 5300 1329111 245
14 714001 745100 31100 1329111 211
14 756501 763300 6800 1329111 248
14 836701 847600 10900 1329111 203
14 900401 923900 23500 1329111 178
14 945401 947900 2500 1329111 181
14 949101 961800 12700 1329111 151
14 998401 1000500 2100 1329111 143
14 1001801 1011200 9400 1329111 121
14 1072701 1081500 8800 1329111 109
14 1108901 1112800 3900 1329111 98
14 1349201 1370500 21300 1972759 1
14 1980101 1989600 9500 1972759 1
14 2141901 2152500 10600 1972759 1
14 2713101 2717400 4300 65536 1
14 2732901 2739900 7000 65536 1
14 14912401 14921600 9200 237 1
14 14936901 14940400 3500 227135 2
14 15031501 15039700 8200 227135 1
14 15046201 15051100 4900 227135 2
14 15054001 15056300 2300 227135 1
14 15098301 15101300 3000 227135 1
14 15117801 15121700 3900 227135 2
14 15124601 15129900 5300 227135 2
14 15164301 15167100 2800 116781 1
14 15175701 15176800 1100 116781 1
14 15209701 15212200 2500 116781 5
14 15253501 15258700 5200 71830 4
14 15358201 15362600 4400 312350 2
14 15370401 15373200 2800 312350 2
14 15408701 15412700 4000 312350 2
15 201 15100 14900 7205 39
15 29424601 29427900 3300 3076 1
15 45433201 45436200 3000 69695 2
15 47889501 47912000 22500 93885 1
15 47917301 47945800 28500 93885 3
15 48426601 48437600 11000 51713 1
15 48447201 48478400 31200 51713 1
15 51709901 51720100 10200 67452 3
15 52249301 52256500 7200 70437 3
15 52264701 52282100 17400 70437 2
15 80564501 80589500 25000 375219 7
15 80592101 80808300 216200 375219 11
15 80957001 80959400 2400 394920 2
15 81870501 81877700 7200 49525 7
15 81895701 81906300 10600 49525 9
15 81923501 81927700 4200 64754 5
16 1 7400 7400 9660 30
16 7601 13400 5800 4616 3
16 5570301 5571900 1600 85908 15
16 5871701 5890000 18300 404069 4
16 5902701 5907800 5100 404069 16
16 6826601 6830000 3400 19470 8
16 6831701 6857100 25400 4833 2
16 6858301 6871300 13000 507192 2
16 6896101 6904500 8400 507192 3
16 6918101 6924400 6300 507192 3
16 6963701 6967900 4200 507192 10
16 6994601 7004200 9600 507192 10
16 7019001 7020400 1400 507192 10
16 7022801 7025400 2600 507192 10
16 7031101 7034700 3600 507192 13
16 7036301 7109300 73000 507192 10
16 7149501 7169600 20100 507192 38
16 7169801 7199000 29200 507192 49
16 7199201 7206500 7300 507192 49
16 7216101 7221400 5300 507192 35
16 7258101 7265800 7700 507192 27
16 7267701 7279700 12000 507192 27
16 7288201 7290000 1800 507192 32
16 7295801 7302200 6400 507192 38
16 7321301 7330500 9200 507192 38
16 7405701 7407900 2200 522501 38
16 7439801 7446000 6200 839128 27
16 7491701 7510000 18300 839128 31
16 7510601 7518400 7800 839128 33
16 7519001 7584500 65500 839128 13
16 7585301 7595400 10100 839128 13
16 7618701 7630900 12200 839128 23
16 7631201 7633000 1800 839128 23
16 7651101 7656100 5000 839128 36
16 7728201 7733500 5300 839128 46
16 7734901 7740900 6000 839128 46
16 7741801 7760100 18300 839128 39
16 7761301 7783600 22300 839128 18
16 7785601 7787300 1700 839128 20
16 39439701 39445600 5900 94 1
16 55916701 55919300 2600 63576 5
16 79448901 79453200 4300 5133 1
17 14201101 14211400 10300 28227 12
17 14211701 14219800 8100 28227 16
17 14220101 14232100 12000 203949 11
17 25028801 25082300 53500 15686 50
17 35642301 35650700 8400 7345 98
17 50572201 50578300 6100 1899078 2
17 50610401 50617900 7500 1899078 16
17 50624801 50633000 8200 1899078 24
17 50665601 50668300 2700 1899078 54
17 50700901 50708100 7200 1899078 79
17 50805101 50809900 4800 1899078 59
17 50814601 50818700 4100 1899078 73
17 50833801 50839200 5400 1899078 47
17 50880301 50885000 4700 1899078 47
17 50889001 50919900 30900 1899078 47
17 50933301 50937800 4500 1899078 47
17 50956201 50974100 17900 1899078 44
17 51117201 51121100 3900 1899078 47
17 51121301 51139100 17800 1899078 35
17 51142701 51169800 27100 1899078 35
17 51170301 51173300 3000 1899078 28
17 51206801 51211800 5000 1899078 25
17 51256701 51265500 8800 1899078 25
17 51292901 51310600 17700 1899078 26
17 51372701 51387300 14600 1899078 26
17 51387501 51403200 15700 1899078 26
17 51419701 51428400 8700 1899078 26
17 51428901 51444000 15100 1899078 26
17 51516201 51522800 6600 1899078 47
17 51532501 51567600 35100 1899078 47
17 51567801 51576100 8300 1899078 58
17 51577501 51598900 21400 1899078 35
17 51625701 51634600 8900 1899078 17
17 51640101 51643100 3000 1899078 14
17 52435601 52439300 3700 1899078 9
17 52451001 52454600 3600 1899078 9
17 71701401 71704100 2700 2618 2
17 72817501 72827900 10400 265175 4
17 72874801 72885000 10200 265175 14
17 72889901 72895800 5900 265175 11
17 72899301 72921100 21800 265175 5
18 3301 14700 11400 6291 22
18 11434101 11439800 5700 269 1
18 14979401 14983300 3900 81 1
18 43814401 43824400 10000 15578 25
18 43824601 43832500 7900 436 6
18 45272201 45282400 10200 234031 1
18 45313801 45318400 4600 234031 1
18 49526601 49563000 36400 53 1
18 50883801 50886000 2200 222163 2
18 50889901 50894100 4200 222163 6
18 50936701 50939100 2400 222163 4
18 50940301 50942100 1800 222163 4
18 50944801 50948100 3300 222163 5
18 50958601 50962600 4000 222163 5
18 50972201 50974200 2000 222163 5
18 50975201 50977100 1900 222163 5
18 50978101 50980300 2200 222163 5
18 50990201 51001600 11400 222163 5
18 51008901 51010100 1200 222163 15
18 51028001 51030600 2600 222163 16
18 51037201 51040800 3600 222163 16
18 51055301 51062700 7400 222163 15
18 51091901 51106300 14400 108098 11
18 51111001 51113000 2000 108801 5
18 51113601 51115000 1400 108801 4
18 51753101 51755300 2200 21663 5
18 57565701 57572200 6500 576538 3
18 57605101 57614900 9800 576538 1
18 57620201 57635600 15400 576538 2
18 57651701 57653300 1600 576538 3
18 57655801 57676600 20800 576538 5
18 57677701 57683800 6100 576538 5
18 57685801 57689700 3900 576538 5
18 57689901 57715700 25800 77418 4
18 58236901 58243400 6500 5266 26
18 58268301 58270300 2000 1283052 1
18 58468201 58499700 31500 1283052 5
18 58943101 58957900 14800 1283052 3
18 59343101 59357200 14100 1283052 4
18 59848501 59853300 4800 257720 2
18 59941601 59951300 9700 257720 2
18 60067701 60081100 13400 674 1
18 61340601 61343800 3200 412522 20
18 61352401 61371200 18800 412522 32
18 61383401 61400700 17300 412522 23
18 61401401 61410900 9500 412522 11
18 61411301 61425900 14600 412522 11
18 61430001 61431500 1500 412522 11
18 61552701 61570500 17800 412522 7
18 61595301 61620600 25300 412522 6
18 61632301 61643500 11200 412522 4
18 61648901 61654500 5600 230355 3
18 61659101 61660400 1300 230355 3
18 63757301 63761600 4300 145725 3
18 63775401 63779400 4000 145725 9
18 63780001 63798800 18800 156141 2
18 63813301 63817300 4000 156141 2
18 63915101 63922000 6900 156141 2
19 1 8300 8300 95 4
19 3367801 3372000 4200 911295 1
19 3423001 3436300 13300 911295 1
19 12536101 12541300 5200 1080578 6
19 12541701 12545500 3800 1080578 6
19 42098601 42116400 17800 14187 1
19 57725401 57730600 5200 118503 2
20 7581901 7588000 6100 404210 2
20 47063001 47068000 5000 5049 1
20 51896201 51914600 18400 536997 1
20 55750801 55753800 3000 2876 1
21 1419801 1423500 3700 660389 8
21 1432801 1438400 5600 660389 8
21 1774301 1779000 4700 660389 3
21 1878201 1883800 5600 660389 3
21 1919901 1938100 18200 567328 1
21 1939101 1960600 21500 567328 1
21 2090901 2094400 3500 1621541 14
21 2109801 2113900 4100 1621541 22
21 2120401 2130400 10000 1621541 5
21 2318501 2321900 3400 1621541 1
21 2487601 2489500 1900 1621541 1
21 3225301 3226600 1300 1621541 1
21 3228901 3233600 4700 1621541 1
21 17697101 17700600 3500 693441 1
21 19874801 19893800 19000 58 3
21 29880801 29886000 5200 16673 1
21 35212701 35216200 3500 36470 13
21 35221601 35223900 2300 36470 15
21 59331801 59334500 2700 2691 1
21 69456001 69458000 2000 92800 2
21 71497701 71504700 7000 35933 3
21 71518401 71524800 6400 35933 10
22 2867301 2876600 9300 26477 4
22 7653301 7657100 3800 1839348 1
23 9841001 9843200 2200 66 1
23 9843601 9846800 3200 56 1
23 25673901 25679400 5500 349033 2
23 25710101 25716500 6400 349033 2
23 25722401 25748200 25800 349033 5
23 25793201 25795600 2400 349033 5
23 25797601 25805700 8100 349033 5
23 25818401 25827400 9000 349033 17
23 25838901 25845200 6300 349033 22
23 25879401 25913600 34200 349033 23
23 26273501 26275300 1800 473867 9
23 26525501 26534700 9200 13397 7
23 26654601 26662500 7900 27356 3
23 27667301 27714600 47300 63406 14
23 27720301 27725700 5400 63457 26
23 28446601 28451400 4800 139308 3
23 29276401 29302800 26400 9291 8
23 30487901 30491600 3700 128873 1
23 47403101 47411400 8300 45289 1
24 12813901 12820200 6300 133480 1
24 27698801 27701000 2200 1526545 1
24 28488601 28493400 4800 1526545 1
24 47068001 47071500 3500 3449 2
24 62361701 62369500 7800 624166 6
24 62374101 62388300 14200 624166 10
24 62388501 62396000 7500 624166 10
24 62401701 62428600 26900 624166 9
24 62435301 62440300 5000 624166 6
25 2502401 2508700 6300 15661 3
25 18673301 18677400 4100 15897 1
25 19011401 19017900 6500 37125 29
25 19025401 19030100 4700 37125 29
25 27243901 27251200 7300 56453 1
25 27264901 27284200 19300 68106 1
25 28159101 28160900 1800 91408 1
25 28182201 28192000 9800 91408 1
25 32463801 32467900 4100 1925 9
25 35522801 35526500 3700 227184 5
25 37250301 37258300 8000 79427 1
26 401 7900 7500 2401 14
26 42786201 42796000 9800 3310 4
26 50590601 50601600 11000 34210 2
26 50602201 50608400 6200 34210 2
27 5039001 5041700 2700 642584 9
27 5100601 5107100 6500 642584 11
27 5140401 5144000 3600 642584 16
27 5228801 5235200 6400 642584 27
27 5235901 5241800 5900 642584 37
27 5247201 5249800 2600 642584 37
27 5253401 5288300 34900 642584 37
27 5289901 5292300 2400 642584 41
27 5317301 5332300 15000 642584 35
27 5343501 5350700 7200 642584 38
27 5417301 5419700 2400 642584 35
27 5424101 5438100 14000 642584 35
27 5449301 5463700 14400 642584 42
27 5482201 5487700 5500 642584 61
27 5488501 5490400 1900 642584 61
27 5495901 5499000 3100 1599903 59
27 5501401 5508100 6700 1599903 59
27 5509001 5513500 4500 1599903 57
27 5516501 5519500 3000 1599903 57
27 5521201 5524400 3200 1599903 57
27 5526101 5527400 1300 1599903 57
27 5532901 5552400 19500 1599903 57
27 5552601 5554500 1900 1599903 58
27 5556701 5560600 3900 1599903 58
27 5564101 5569100 5000 1599903 58
27 5606001 5607800 1800 1599903 51
27 5611201 5612600 1400 1599903 51
27 5632201 5635300 3100 1599903 53
27 5674801 5686700 11900 1599903 47
27 5693901 5704000 10100 1599903 49
27 5731001 5759100 28100 1599903 49
27 5765401 5852900 87500 1599903 51
27 5900801 5921100 20300 1599903 73
27 5926301 5929400 3100 1599903 71
27 5932201 5937300 5100 1599903 71
27 5948901 6019800 70900 1599903 60
27 6021801 6028600 6800 1599903 60
27 6031201 6037600 6400 1599903 59
27 6154601 6156600 2000 1599903 55
27 6174301 6205200 30900 1599903 46
27 6210201 6214300 4100 1599903 46
27 6218301 6237200 18900 1599903 23
27 6448001 6468400 20400 583367 2
27 6480801 6482400 1600 583367 2
27 24805301 24809200 3900 2668929 33
27 26328601 26345100 16500 2668929 33
27 26356301 26361600 5300 2668929 33
27 26361901 26365600 3700 2668929 33
27 26365801 26370500 4700 2668929 33
27 26372201 26376900 4700 2668929 33
27 28473401 28490700 17300 69486 32
27 28496001 28500900 4900 69486 137
27 28507501 28510600 3100 69486 142
27 28519201 28528400 9200 69486 169
27 28529101 28543700 14600 192699 184
27 28543901 28548300 4400 192699 202
27 28548501 28552600 4100 192699 232
27 28560901 28569800 8900 192699 260
27 28570001 28579700 9700 192699 303
27 28579901 28584200 4300 192699 349
27 28588601 28592800 4200 192699 357
27 28601101 28606400 5300 192699 360
27 28618501 28627200 8700 192699 362
27 28627401 28635000 7600 192699 404
27 28635201 28644000 8800 192699 416
27 28674501 28679200 4700 386914 466
27 28697701 28700800 3100 386914 523
27 28704301 28718900 14600 386914 500
27 28733001 28736700 3700 386914 528
27 28737101 28741800 4700 386914 528
27 28749701 28752900 3200 386914 527
27 28768501 28772000 3500 386914 501
27 28778701 28794300 15600 386914 436
27 28794501 28798400 3900 386914 395
27 28798701 28811600 12900 386914 385
27 28811801 28822200 10400 386914 390
27 28847701 28852500 4800 386914 335
27 28878101 28883300 5200 419676 258
27 28910601 28915600 5000 399241 145
28 2367501 2377000 9500 2683733 10
28 2412601 2420900 8300 2683733 30
28 2421301 2427900 6600 2683733 20
28 2650201 2654300 4100 2683733 14
28 2939801 2943900 4100 2683733 9
28 3540501 3550400 9900 2683733 9
28 11352201 11356400 4200 6666 15
28 11366401 11372200 5800 231 6
29 871001 875500 4500 47896 1
29 5294601 5301600 7000 178885 2
29 5320901 5326500 5600 178885 13
29 5391101 5397200 6100 169833 13
29 5460801 5462600 1800 169833 15
29 5471901 5474000 2100 169833 28
29 5492301 5495700 3400 226191 24
29 5502701 5507900 5200 226191 24
29 5509401 5515400 6000 226191 29
29 5517301 5519400 2100 226191 40
29 5534501 5550000 15500 387238 44
29 5575901 5580300 4400 387238 74
29 5581801 5589400 7600 387238 75
29 5590301 5617600 27300 387238 60
29 5620001 5622200 2200 387238 46
29 5622501 5625100 2600 387238 44
29 5625401 5781500 156100 93278 1
29 19398701 19440600 41900 17782 57
29 27248701 27253500 4800 737787 6
29 27737501 27742100 4600 737787 7
29 27904501 27906700 2200 737787 13
29 28393001 28396300 3300 15036 2
29 30224901 30241900 17000 8600 35
29 30242101 30286000 43900 61767 154
29 30286201 30320600 34400 103322 169
29 30322101 30367300 45200 141236 152
29 30376301 30380400 4100 148630 42
29 38976401 38982600 6200 1386965 5
29 40166301 40171600 5300 3492149 1
29 41747301 41753900 6600 3492149 1
29 42470801 42475000 4200 54654 1
29 42479601 42495200 15600 54654 4
30 4320701 4324900 4200 24214 1
30 4333101 4335800 2700 24214 1
30 4358201 4368800 10600 66434 1
30 5109101 5116600 7500 39057 1
30 14346201 14374200 28000 97 2
30 15733101 15739400 6300 93 1
30 16640301 16644200 3900 139956 32
30 16741701 16744300 2600 139957 24
30 16959201 16965000 5800 963747 17
30 18815901 18830900 15000 210879 22
30 18835901 18837400 1500 210879 22
30 18860101 18871700 11600 210879 17
30 18939801 18941700 1900 210879 12
30 18951701 18954500 2800 210879 12
30 18959301 18963900 4600 210879 14
30 18971101 18974100 3000 210879 16
30 18979201 18982900 3700 210879 16
30 18988401 18990800 2400 210879 16
30 18991101 18995300 4200 210879 16
30 18995701 18999200 3500 210879 16
30 19021201 19024300 3100 204955 6
30 19038701 19050200 11500 204955 2
30 19059801 19061500 1700 33258 4
30 19063401 19064900 1500 33258 4
30 19080801 19086200 5400 52809 3
30 19169701 19178300 8600 14108 22
30 28504701 28510100 5400 740886 8
30 29037201 29039500 2300 740886 8
30 35651101 35665900 14800 1436032 3
30 35677901 35680100 2200 1436032 13
30 35681001 35690100 9100 1436032 17
30 35744201 35749100 4900 1436032 28
30 35767501 35771100 3600 1436032 32
30 35845401 35848500 3100 1436032 40
30 35871401 35874400 3000 1436032 38
30 35885801 35889600 3800 1436032 33
30 35971801 35975400 3600 1436032 33
30 35998401 36000600 2200 1436032 33
30 36023501 36025100 1600 1436032 32
30 36033601 36036800 3200 1436032 31
30 36065001 36068200 3200 1436032 27
30 36076701 36080000 3300 1436032 27
30 36130901 36134500 3600 1436032 22
30 36143001 36146100 3100 1436032 22
30 36184601 36186400 1800 1436032 20
30 36208701 36209700 1000 1436032 22
30 36261101 36262400 1300 1436032 22
30 36344001 36347500 3500 1436032 21
30 36386901 36390100 3200 1436032 21
30 36521601 36523200 1600 1436032 21
30 36552401 36556600 4200 1436032 21
30 36565901 36576800 10900 1436032 21
30 36586901 36593400 6500 1436032 21
30 36668601 36672100 3500 1436032 18
30 36673801 36676800 3000 1436032 18
30 36716101 36718900 2800 1436032 18
30 36782601 36786200 3600 1436032 18
30 36837901 36843000 5100 1436032 14
30 36865801 36868200 2400 1436032 13
30 36868801 36870500 1700 1436032 14
30 36934301 36935200 900 1436032 14
30 37132401 37135800 3400 1619578 5
30 37157301 37160700 3400 1619578 4
30 37197701 37200600 2900 1619578 4
30 37222701 37224000 1300 1619578 4
30 39162301 39172100 9800 148027 4
30 39179301 39222400 43100 148027 1
30 39224701 39240900 16200 148027 7
30 39245101 39251600 6500 148027 7
30 39254501 39257300 2800 148027 7
30 39258001 39273500 15500 148027 7
30 40810801 40824600 13800 72919 2
30 40845201 40850100 4900 72919 5
30 40881501 40884000 2500 72918 4
30 40981401 41004600 23200 199133 2
30 44311101 44384200 73100 73087 2
30 53822501 53827300 4800 452831 3
30 53827501 53842100 14600 452831 3
30 53899701 53941900 42200 452831 5
30 53956801 53960200 3400 452831 9
30 53971901 53974900 3000 452831 15
30 53977001 53978400 1400 452831 20
30 53982001 54022500 40500 452831 20
30 54062901 54075400 12500 452831 39
30 54081601 54097400 15800 452831 44
30 54098701 54101700 3000 452831 46
30 54102301 54120900 18600 452831 29
30 54122001 54126600 4600 452831 29
30 54161101 54168600 7500 452831 26
30 54232201 54245300 13100 452831 22
30 54255201 54259100 3900 452831 22
30 54266301 54270100 3800 443926 19
30 54305901 54321400 15500 443926 19
30 54368801 54373500 4700 443926 19
30 54379201 54383900 4700 443926 19
30 54395701 54399600 3900 443926 19
30 55919201 55922000 2800 24097 2
30 55932201 55935000 2800 24097 2
30 55941101 55943200 2100 24114 1
30 56195401 56196900 1500 1219218 4
30 56209301 56211800 2500 1219218 5
30 56234801 56244200 9400 1219218 5
30 56314301 56318600 4300 1219218 2
30 56327801 56330800 3000 1219218 2
30 56440001 56446600 6600 1219218 2
30 56487101 56489000 1900 1219218 2
30 56491501 56493700 2200 1219218 2
30 56502301 56510100 7800 1219218 2
30 56524701 56527400 2700 1219218 2
30 56561601 56565400 3800 1219218 2
30 56589901 56592300 2400 1219218 2
30 56608101 56611900 3800 1219218 2
30 56639601 56644100 4500 1219218 2
30 56646401 56652600 6200 1219218 2
30 56656001 56659300 3300 1219218 2
30 56662001 56664100 2100 1219218 2
30 56664801 56670200 5400 1219218 2
30 56670801 56673200 2400 1219218 2
30 56675401 56678200 2800 1219218 2
30 56689701 56691200 1500 1219218 2
30 56711701 56714600 2900 1219218 2
30 56715301 56716900 1600 1219218 2
30 56726301 56730900 4600 1219218 2
30 56742801 56744600 1800 1219218 2
30 56756501 56759600 3100 1219218 2
30 56939301 56941400 2100 1219218 2
30 57062701 57069400 6700 1219218 2
30 57077001 57078600 1600 1219218 2
30 57079501 57081600 2100 1219218 2
30 57106201 57138700 32500 1219218 2
30 58432301 58434400 2100 7076 3
30 62078201 62082000 3800 3161 34
30 63779901 63783600 3700 850847 3
30 63799801 63801600 1800 850847 2
30 63809301 63819300 10000 850847 2
30 63827101 63833700 6600 850847 3
30 63834201 63843200 9000 850847 5
30 63865101 63871700 6600 850847 5
30 63895101 63907700 12600 850847 7
30 63910801 63938500 27700 850847 10
30 63946801 63951400 4600 850847 13
30 63959201 63972500 13300 850847 13
30 63982801 63985600 2800 850847 12
30 64084101 64101700 17600 850847 12
30 64107901 64112800 4900 850847 12
30 64113401 64115400 2000 850847 12
30 64116401 64118200 1800 850847 12
30 64119201 64127200 8000 850847 12
30 64131901 64134100 2200 850847 13
30 64141901 64143900 2000 850847 13
30 64154301 64190100 35800 850847 16
30 64212401 64219500 7100 850847 10
30 64233101 64241400 8300 850847 10
30 64278301 64279700 1400 850847 11
30 64281701 64286000 4300 850847 11
30 64294501 64301100 6600 850847 14
30 64434901 64436600 1700 850847 25
30 64453401 64461000 7600 656925 13
30 64461301 64465500 4200 656925 13
30 64480501 64481800 1300 698666 12
30 64504801 64512100 7300 698666 12
30 84116901 84120000 3100 11518 2
30 84125201 84127200 2000 11792 1
30 89905901 89980000 74100 69508 21
30 91329101 91332400 3300 1651379 62
30 91372701 91387100 14400 1651379 62
30 91412901 91421500 8600 1651379 62
30 91529001 91538500 9500 1651379 62
30 91575001 91583600 8600 1651379 63
30 91614101 91624100 10000 1651379 62
30 91631101 91639700 8600 1651379 62
30 91642701 91646800 4100 1651379 62
30 92758701 92776700 18000 1651379 62
30 94540601 94546400 5800 311709 1
30 94557001 94559500 2500 311709 1
30 94569101 94573300 4200 311709 1
30 94577901 94580200 2300 311709 16
30 94583601 94606500 22900 311709 16
30 94609201 94611100 1900 311709 19
30 94651001 94657800 6800 311709 19
30 94664701 94668800 4100 311709 18
30 94699401 94727500 28100 311709 18
30 94738501 94757700 19200 311709 3
30 94850301 94867000 16700 346787 2
30 94883301 94889200 5900 346787 2
30 94892401 94895900 3500 346787 2
30 94916401 94918700 2300 346787 2
30 94922401 94937000 14600 346787 2
30 95556201 95566400 10200 566608 1
30 100099301 100104500 5200 18330 3
30 117090201 117099300 9100 3318 1
30 118683501 118690900 7400 208415 6
30 118737701 118744500 6800 208415 6
30 118757501 118764000 6500 208415 6
30 118832901 118834700 1800 208415 6
30 118835701 118837800 2100 208415 6
30 118856501 118868100 11600 264191 3
30 118908201 118914300 6100 264191 6
30 118938201 118942600 4400 47312 1
30 118977701 118980600 2900 390116 2
30 118987301 118993900 6600 390116 2
30 119022401 119025000 2600 390116 2
30 119221201 119229600 8400 390116 2
30 123651401 123653200 1800 598779 4
30 123798601 123808000 9400 598779 7
30 123916701 123921000 4300 598779 9
30 123958801 123960200 1400 598779 4
30 123963801 123975600 11800 598779 4
30 123979401 123992000 12600 598779 4
30 123992701 123999900 7200 598779 5
30 124009901 124016900 7000 598779 5
30 124017701 124021400 3700 598779 7
30 124028201 124033500 5300 598779 5
30 124033801 124038200 4400 598779 5
30 124047201 124053100 5900 598779 5
30 124056701 124059900 3200 598779 5
30 124063601 124071700 8100 598779 4
30 124232601 124234400 1800 271086 1
30 124242501 124248700 6200 271086 1
30 124258601 124262600 4000 271086 1
30 124266501 124271100 4600 271086 1
30 128162201 128189100 26900 588 1
30 131061701 131067000 5300 98 1
30 131171701 131173900 2200 318262 3
30 131175301 131178200 2900 318262 5
30 131188501 131189900 1400 318262 5
30 131201901 131204300 2400 318262 5
30 131239001 131240600 1600 318262 5
30 131258701 131260800 2100 318262 5
30 131264001 131269700 5700 318262 5
30 131279301 131288600 9300 318262 6
30 131292001 131294100 2100 318262 6
30 131311801 131315400 3600 318262 6
30 131316001 131319900 3900 318262 6
30 131320601 131322700 2100 318262 6
30 131329801 131331900 2100 318262 6
30 131353301 131357000 3700 318262 6
30 133771401 133776100 4700 237446 1
30 134007601 134008800 1200 237446 2
30 134399501 134405000 5500 101 1
30 137170701 137172800 2100 17088 1
30 137219701 137221900 2200 1221087 1
30 137277801 137279000 1200 1221087 3
30 137322701 137325800 3100 1221087 5
30 137326801 137335600 8800 1221087 5
30 137350401 137379900 29500 1221087 5
30 137385501 137432300 46800 1221087 5
30 137432801 137491000 58200 1221087 5
30 137493601 137498600 5000 1221087 5
30 137506701 137509600 2900 1221087 5
30 137724501 137727200 2700 1221087 5
30 137819201 137827100 7900 1221087 12
30 137829201 137830600 1400 1221087 12
30 137838001 137842700 4700 1221087 12
30 137872501 137878300 5800 1221087 12
30 137878701 137880000 1300 1221087 12
30 137894001 137895300 1300 1221087 12
30 137898601 137900100 1500 1221087 12
30 137900601 137904400 3800 1221087 12
30 137913701 137915000 1300 1221087 12
30 137944201 137992600 48400 1221087 12
30 138007401 138011500 4100 1221087 12
30 138018301 138021400 3100 1221087 12
30 138034501 138073400 38900 1221087 12
30 138077301 138105700 28400 1221087 12
30 138106201 138111700 5500 1221087 12
30 138117501 138259100 141600 1221087 12
30 138259801 138319700 59900 1221087 12
30 138334301 138346400 12100 1221087 12
30 138466201 138469500 3300 1953664 9
30 138484401 138486700 2300 1953664 9
30 138539401 138580300 40900 1953664 15
30 138580901 138627600 46700 1953664 15
30 138628101 138786400 158300 1953664 15
30 138789401 138874000 84600 1953664 16
30 138895901 138900600 4700 1953664 16
30 138903101 138980900 77800 1953664 16
30 139000301 139021500 21200 1953664 16
30 139022801 139048500 25700 1953664 16
30 139225501 139236500 11000 1953664 27
30 139238101 139240300 2200 1953664 27
30 139252801 139256200 3400 1953664 28
30 139260101 139271400 11300 1953664 27
30 139272801 139280800 8000 1897051 25
30 139289701 139293600 3900 1897051 25
30 139323501 139325000 1500 1897051 25
30 139389101 139393700 4600 1897051 25
30 139397501 139401100 3600 1897051 25
30 139421801 139427900 6100 1897051 25
30 139593201 139594900 1700 1897051 25
30 139633301 139642600 9300 1855910 17
30 139655501 139658200 2700 159663 14
30 139689801 139694000 4200 4443688 12
30 139696501 139705200 8700 4443688 12
30 139734801 139739200 4400 4443688 12
30 139744601 139745900 1300 4443688 12
30 139746301 139757800 11500 4443688 12
30 139761101 139776200 15100 4443688 12
30 140146001 140154200 8200 4443688 10
30 140178801 140190500 11700 4443688 10
30 140190701 140202800 12100 4443688 10
30 140209701 140213600 3900 4443688 10
30 140217601 140239800 22200 4443688 10
30 140243101 140289900 46800 4443688 10
30 140296401 140349100 52700 4443688 10
30 140351401 140361600 10200 4443688 10
30 140366201 140390800 24600 4443688 10
30 140395301 140398000 2700 4443688 10
30 140402401 140413900 11500 4443688 10
30 141233301 141237700 4400 4443688 10
30 143389301 143393800 4500 4443688 10
30 143395401 143403100 7700 4443688 11
30 143865401 143894500 29100 370144 1
30 143905801 143916800 11000 370144 1
30 144028301 144045700 17400 370144 1
30 144968001 145042100 74100 8227 1
30 145049901 145318400 268500 65 1
30 147254301 147350200 95900 2783 2
