chr begin end length.cnv length.pin ile.pin
1 867301 870500 3200 1240034 1
1 4547001 4567500 20500 8217 30
1 5233201 5241300 8100 72051 10
1 5249501 5252200 2700 72051 18
1 5257701 5290400 32700 72051 5
1 15831101 15840200 9100 391331 1
1 15883801 15889400 5600 391331 1
1 15957301 15994300 37000 391331 1
1 16694601 16699400 4800 1663462 1
1 17961201 18009600 48400 1663462 1
1 47399701 47403300 3600 1072577 1
1 48400701 48405600 4900 1072577 1
1 57442101 57445800 3700 252095 1
1 57454601 57461200 6600 252095 3
1 78347201 78350400 3200 593686 1
1 110746901 110752800 5900 5719 1
1 113199801 113203600 3800 321141 26
1 124664801 124668500 3700 389687 1
1 124942801 124954600 11800 101 4
1 144105701 144109300 3600 38752 18
1 144114901 144122400 7500 38752 18
1 145294701 145311700 17000 26102 84
1 145312101 145330600 18500 141447 412
1 145330801 145334900 4100 141447 492
1 145335101 145355900 20800 141447 417
1 145356101 145384900 28800 141447 427
1 145385101 145403400 18300 141447 395
1 145403901 145428600 24700 141447 256
1 145428801 145441400 12600 150211 193
1 145441601 145448800 7200 155785 82
1 148039901 148056600 16700 164862 1
2 15234901 15237900 3000 3593928 1
2 16497301 16502900 5600 3593928 1
2 19109401 19114500 5100 3525 1
2 33249901 33252500 2600 2379472 1
2 44670101 44674000 3900 13721 1
2 58960501 58962600 2100 1112955 1
2 90183901 90189900 6000 2890628 1
2 90813701 90817300 3600 2890628 1
2 98479301 98491600 12300 11798 1
2 100162501 100165200 2700 94 4
2 100624401 100637100 12700 9400 1
2 124758501 124768700 10200 39254 3
2 136813001 136815100 2100 175576 3
2 136843901 136845300 1400 175576 3
2 136855101 136858300 3200 175576 3
2 136950301 136953000 2700 225692 2
2 136992701 136993800 1100 225692 2
3 2416201 2420000 3800 269114 2
3 2519701 2523900 4200 269114 1
3 8102301 8111800 9500 16172 2
3 11839601 11854900 15300 187287 2
3 12006401 12021900 15500 42094 3
3 17439101 17470400 31300 265920 2
3 17549201 17555300 6100 265920 6
3 22747701 22751700 4000 69086 2
3 32495701 32499200 3500 13974 1
3 37743301 37751300 8000 2431155 1
3 38039701 38044400 4700 2431155 1
3 54442301 54450200 7900 254937 1
3 54981501 54988900 7400 198761 1
3 82716401 82736600 20200 204382 6
3 82749301 82758200 8900 204382 35
3 82772801 82782300 9500 204382 35
3 82782501 82788100 5600 204382 35
3 82788301 82801900 13600 204382 34
3 82816501 82834400 17900 204382 25
3 82843401 82847400 4000 204382 31
3 82873301 82876500 3200 204382 24
3 85620701 85625300 4600 3981529 2
3 86717901 86724000 6100 3981529 1
3 86724401 86737000 12600 982 1
3 95023301 95026100 2800 97 2
3 113990101 114001000 10900 8893 1
4 27749101 27754700 5600 16786 21
4 28200301 28203600 3300 2811 69
4 28955701 28964000 8300 2885764 5
4 28964401 28990900 26500 2885764 5
4 28991101 28995300 4200 2885764 5
4 28995501 29010800 15300 2885764 5
4 29273901 29279100 5200 2885764 5
4 29641201 29654800 13600 2885764 5
4 29801801 29808100 6300 2885764 5
4 31361501 31364800 3300 3905475 3
4 32272501 32276400 3900 3905475 3
4 32619301 32628600 9300 3905475 3
4 32628901 32631000 2100 3905475 3
4 32869001 32871100 2100 3905475 3
4 33047301 33053800 6500 3905475 3
4 33239901 33242200 2300 3905475 3
4 33243801 33245400 1600 3905475 3
4 33284701 33289500 4800 3905475 3
4 33578901 33581600 2700 3905475 3
4 34701501 34707500 6000 3905475 3
4 34747901 34752900 5000 3905475 3
4 35233701 35238900 5200 3905475 3
4 57400901 57411600 10700 28751 117
4 57411801 57414600 2800 28751 91
4 57418801 57425800 7000 28751 55
4 57430601 57435200 4600 293 1
4 66488501 66552100 63600 392251 1
4 66552801 66640500 87700 392251 1
4 66644301 66784900 140600 392251 1
4 66786501 66873100 86600 392251 1
4 66874301 66880700 6400 392251 1
4 95732101 95748100 16000 586 1
4 99813501 99839800 26300 93705 3
4 99840301 99861100 20800 93705 18
4 99900201 99913500 13300 92850 10
4 99926601 99957000 30400 4745 1
4 103649601 103659700 10100 17808 31
4 106459801 106461800 2000 108697 5
4 106467301 106476000 8700 108697 5
4 106479001 106515700 36700 108697 19
4 106523401 106526300 2900 108697 18
4 106670001 106674800 4800 151506 9
4 106779801 106781500 1700 151506 30
4 106799601 106805100 5500 162940 6
4 113774301 113777700 3400 260600 2
4 113806901 113809800 2900 260600 2
4 113836401 113840400 4000 260600 2
4 113864301 113870700 6400 260600 2
4 113870901 113884100 13200 260600 2
4 113902601 113908200 5600 260600 6
4 113909501 113918400 8900 260600 6
4 113925901 113927100 1200 260600 6
4 113928101 113936900 8800 260600 3
4 113941301 113960900 19600 260600 6
4 113963801 113971600 7800 260600 6
4 113977201 113979100 1900 260600 7
4 113980701 113983700 3000 260600 7
4 113987701 113990100 2400 260600 7
4 114003401 114006100 2700 155425 3
4 114034301 114040800 6500 155425 3
4 114041001 114056800 15800 155425 3
4 114058201 114067400 9200 155425 3
4 120682901 120689600 6700 461670 21
4 120735901 120738300 2400 461670 21
4 120742401 120744600 2200 461670 22
4 120745001 120749500 4500 461670 22
4 120763001 120765300 2300 461670 22
4 120785601 120787200 1600 461670 22
4 120796101 120799600 3500 461670 22
4 120803001 120804100 1100 461670 22
4 120822401 120826300 3900 185063 21
5 1 4800 4800 249 2
5 22582101 22584900 2800 2860 1
5 40600201 40604000 3800 2901 7
5 44433101 44454300 21200 112701 2
5 44473401 44475300 1900 112701 4
5 53743501 53764000 20500 271 1
5 58770701 58772300 1600 93283 6
5 60128501 60132800 4300 19678 1
5 60138801 60141700 2900 19678 1
5 60142601 60144900 2300 19678 1
5 74078701 74087000 8300 7285 1
5 95979301 95988600 9300 20743 1
5 99591201 99598400 7200 95030 21
5 99665601 99714500 48900 159150 43
5 99717401 99725000 7600 159150 54
5 99725901 99738300 12400 222982 59
5 99775501 99799600 24100 222982 28
5 102393801 102400200 6400 72295 6
5 102456201 102487000 30800 96762 5
5 102560501 102563700 3200 890507 18
5 102564501 102582300 17800 890507 18
5 102594201 102614500 20300 890507 15
5 102616901 102631700 14800 890507 7
5 102861401 102871300 9900 890507 5
5 103145701 103155500 9800 890507 7
5 103156201 103158800 2600 890507 7
5 103173001 103177800 4800 890507 7
5 103211101 103223200 12100 890507 8
5 103228501 103231800 3300 890507 8
5 103232401 103238600 6200 890507 8
5 103281301 103285100 3800 890507 9
5 103290001 103295100 5100 890507 9
5 103317801 103322100 4300 890507 12
5 103341801 103343800 2000 786780 10
5 103344501 103351300 6800 308413 9
5 103353201 103356600 3400 308413 18
5 103376701 103379400 2700 308413 9
5 103381501 103413900 32400 2432125 1
5 103426701 103429100 2400 2432125 1
5 104087701 104107900 20200 2432125 1
5 104356201 104362700 6500 2432125 1
5 104472201 104478900 6700 2432125 1
5 110193501 110198400 4900 4144 2
5 114116001 114125400 9400 66799 74
5 114125701 114144400 18700 66799 76
5 114154601 114159100 4500 66799 158
5 114163001 114165600 2600 66799 158
5 114170301 114187200 16900 93267 72
5 114212001 114225800 13800 39948 17
5 119321701 119327000 5300 59 1
6 4970801 4973400 2600 1214201 6
6 5283801 5286500 2700 1214201 6
6 5333601 5335400 1800 1214201 22
6 5350301 5353600 3300 1214201 27
6 5368001 5374800 6800 1214201 61
6 5375001 5448400 73400 1214201 55
6 5474601 5477900 3300 1214201 56
6 5484201 5489700 5500 1214201 60
6 5497801 5501100 3300 1214201 63
6 5533501 5540000 6500 1214201 67
6 5553101 5583100 30000 1832211 69
6 5583301 5586200 2900 1832211 80
6 5590101 5597200 7100 1832211 80
6 5607501 5611400 3900 1832211 86
6 5616101 5618500 2400 1832211 86
6 5623401 5625800 2400 1832211 86
6 5626001 5634900 8900 1832211 88
6 5635101 5638400 3300 1832211 91
6 5646001 5686800 40800 1832211 82
6 5692101 5697100 5000 1832211 83
6 5703101 5705200 2100 1832211 82
6 5710401 5713700 3300 1832211 83
6 5725901 5729600 3700 1832211 78
6 5730001 5732400 2400 1832211 78
6 5745201 5752600 7400 1832211 80
6 5757501 5759800 2300 1832211 78
6 5792401 5796000 3600 1832211 79
6 5803301 5806700 3400 1832211 79
6 5813301 5816200 2900 1832211 79
6 5829501 5837500 8000 1832211 79
6 5846801 5850300 3500 1832211 79
6 5854001 5858500 4500 1832211 79
6 5867301 5888400 21100 1832211 87
6 6025701 6026900 1200 1832211 57
6 6049301 6052400 3100 1832211 54
6 6085001 6092000 7000 1832211 51
6 6112001 6117500 5500 1832211 51
6 6125901 6128000 2100 1832211 52
6 6136701 6139800 3100 1832211 52
6 6154901 6159100 4200 1832211 54
6 6163601 6170700 7100 1832211 52
6 6184201 6188000 3800 898410 47
6 6188201 6194600 6400 898410 51
6 6201101 6210900 9800 898410 49
6 6213701 6216400 2700 898410 48
6 6227701 6236700 9000 1244387 46
6 6253101 6260000 6900 1244387 46
6 6266401 6268900 2500 1244387 46
6 6269201 6273700 4500 1244387 46
6 6274001 6282100 8100 1244387 46
6 6304901 6308200 3300 1244387 45
6 6322401 6326900 4500 1244387 46
6 6327101 6335200 8100 1244387 46
6 6342801 6344900 2100 1244387 48
6 6345101 6362000 16900 1244387 50
6 6366801 6370300 3500 1244387 48
6 6370501 6379100 8600 1244387 48
6 6380601 6381700 1100 1244387 49
6 6384201 6391500 7300 1244387 45
6 6402401 6426600 24200 1244387 50
6 6433901 6448700 14800 1244387 47
6 6460401 6470300 9900 1244387 44
6 6470501 6488300 17800 1244387 46
6 6542601 6547100 4500 1244387 33
6 6566501 6570600 4100 428703 6
6 6580101 6584300 4200 428703 7
6 6599701 6604200 4500 428703 7
6 6604401 6610900 6500 428703 7
6 6611101 6614900 3800 428703 7
6 6622501 6626100 3600 339886 1
6 6627101 6630500 3400 339886 7
6 6997901 7000900 3000 2775 30
6 7069001 7071800 2800 72935 1
6 7093901 7098300 4400 72935 1
6 7104601 7106500 1900 72935 1
6 7118901 7120000 1100 80637 4
6 7134401 7136400 2000 80637 4
6 7173501 7183900 10400 80637 3
6 17986201 18007800 21600 61606 9
6 19795001 19804300 9300 8945 5
6 27293401 27313500 20100 11877 37
6 69679901 69685200 5300 113 1
6 83968301 83973800 5500 1183178 1
6 87646101 87648500 2400 2376 1
6 88681801 88693600 11800 11779 1
6 89206201 89213100 6900 14863 38
6 89213601 89222000 8400 2652 8
6 108533601 108541800 8200 761882 2
6 108551701 108558400 6700 761882 3
6 108599601 108606500 6900 761882 3
6 109079601 109081100 1500 761882 3
6 109283501 109294900 11400 761882 3
6 117789201 117800100 10900 21934 1
7 132801 136300 3500 68681 1
7 4844001 4854500 10500 62309 1
7 4867101 4886200 19100 62309 1
7 8190601 8192400 1800 132277 1
7 9411601 9414000 2400 562216 5
7 9713301 9718600 5300 562216 5
7 9720401 9752200 31800 562216 5
7 9783601 9790100 6500 562216 5
7 9793101 9806100 13000 604131 1
7 9827901 9834600 6700 604131 10
7 9870401 9872600 2200 604131 11
7 9878201 9885500 7300 95266 10
7 9894501 9907200 12700 98770 5
7 9930101 9935400 5300 101233 4
7 9947901 9949400 1500 101233 4
7 10532601 10539300 6700 712146 1
7 10922501 10928200 5700 712146 3
7 10985601 10987300 1700 959262 2
7 11576401 11591400 15000 153995 4
7 11596201 11618800 22600 153995 4
7 11619601 11721900 102300 352418 3
7 11723101 11726900 3800 352418 66
7 11727401 11729700 2300 352418 66
7 11749301 11766600 17300 352418 69
7 11790801 11807500 16700 352418 70
7 11823101 11838000 14900 352418 68
7 11893601 11895600 2000 352418 67
7 11898401 11904100 5700 352418 67
7 11920801 11956800 36000 340441 54
7 11957401 11963200 5800 340441 54
7 11963401 11984000 20600 340441 33
7 11985701 12000800 15100 355472 33
7 12011101 12051800 40700 140259 1
7 14579901 14589700 9800 8288 1
7 15581701 15584300 2600 77931 3
7 15693201 15696700 3500 42543 5
7 16015501 16024900 9400 22902 1
7 16026601 16036700 10100 22902 1
7 18619301 18623800 4500 41217 1
7 30021801 30028500 6700 683 9
7 44503201 44517800 14600 5990 3
7 56570201 56578600 8400 31234 45
7 56578901 56598100 19200 31234 92
7 56598601 56616800 18200 49175 41
7 66692501 66700100 7600 2795 3
7 70539601 70554000 14400 365300 5
7 70575801 70581800 6000 365300 5
7 70663401 70667400 4000 365300 4
7 70835501 70841200 5700 142564 3
7 71642701 71647900 5200 867 1
7 71915801 71966000 50200 5597 82
7 105840201 105845100 4900 83862 53
7 105852101 105860200 8100 83862 87
7 105899301 105904200 4900 83862 37
7 105912801 105917100 4300 86588 32
7 105921801 105929600 7800 86588 11
7 110025701 110031300 5600 10391 22
8 7102401 7113300 10900 60005 3
8 7137601 7143200 5600 60005 10
8 7147301 7154000 6700 60005 8
8 10436201 10448700 12500 1757211 2
8 10620801 10623600 2800 1757211 2
8 11030501 11041800 11300 1757211 2
8 11933301 11940400 7100 1757211 2
8 11955301 11959700 4400 19523 18
8 22609401 22631200 21800 24743 13
8 22995501 22999300 3800 103496 8
8 25753801 25756900 3100 4188 5
8 36070801 36084100 13300 241510 39
8 36084401 36092300 7900 241510 39
8 45452401 45472800 20400 3148 10
8 56716901 56724300 7400 2804 16
8 56739201 56742500 3300 47000 102
8 56747601 56752400 4800 47000 102
8 60552401 60558600 6200 69315 2
8 70689401 70702400 13000 8827 1
8 70825701 70828000 2300 337487 1
8 70831101 70840100 9000 337487 1
8 70840701 70845400 4700 337487 1
8 70851401 70869700 18300 337487 4
8 70883001 70885000 2000 337487 24
8 70887901 70894100 6200 337487 25
8 70895301 70957900 62600 337487 11
8 70967001 70972800 5800 337487 87
8 70982901 70986900 4000 337487 88
8 71000401 71019400 19000 337487 84
8 71028501 71036500 8000 337487 89
8 71077201 71080700 3500 337487 88
8 71085701 71089400 3700 337487 88
8 71153101 71155300 2200 337487 82
8 71155501 71169800 14300 317158 51
8 71170001 71174500 4500 317158 34
8 71185001 71210100 25100 317158 8
8 71210701 71219900 9200 317158 4
8 71232401 71239000 6600 317158 4
8 74482401 74511000 28600 2671 15
8 74511201 74531000 19800 82452 20
8 74539401 74546600 7200 82452 64
8 74547101 74553200 6100 82452 58
8 74559101 74564400 5300 82452 75
8 74564601 74580600 16000 146293 84
8 74580801 74591700 10900 146293 158
8 74592001 74606300 14300 146293 180
8 74607401 74615000 7600 146293 188
8 74621901 74628100 6200 146293 137
8 74632301 74635000 2700 146293 134
8 74650601 74654600 4000 210576 70
8 74703701 74708100 4400 210576 67
8 74708801 74714000 5200 210576 64
8 74734901 74741400 6500 228083 56
8 74764001 74770600 6600 228083 47
8 74784601 74791000 6400 228083 23
8 74816201 74819600 3400 1855564 11
8 74994101 74997600 3500 1855564 11
8 75725201 75728100 2900 1855564 11
8 76245601 76253200 7600 1855564 12
8 83233401 83258600 25200 22604 156
8 91537201 91563600 26400 15466 1
9 3701 19500 15800 40248 10
9 38801 42800 4000 2783 3
9 7761801 7771000 9200 3094 2
9 27232101 27242500 10400 4271 6
9 45015101 45025900 10800 94 4
9 45045401 45049100 3700 24108 34
9 45049301 45064400 15100 29112 18
9 49830201 49835800 5600 57 1
9 88239401 88242400 3000 778505 1
9 88275501 88278200 2700 778505 1
9 88787401 88790500 3100 778505 1
10 9976001 9994100 18100 481 1
10 22547801 22550400 2600 1498727 6
10 22563101 22577300 14200 1498727 8
10 22608801 22622300 13500 1498727 9
10 22659801 22677600 17800 1498727 14
10 22754701 22763600 8900 1498727 19
10 22790701 22796400 5700 1498727 17
10 22898901 22900600 1700 1498727 29
10 22932101 22946900 14800 1498727 36
10 23016701 23031600 14900 1498727 36
10 23031801 23038800 7000 1498727 36
10 23051601 23055100 3500 1498727 36
10 23093501 23103700 10200 1498727 36
10 23107701 23122800 15100 1498727 36
10 23577701 23582700 5000 1498727 30
10 23751001 23770200 19200 1498727 36
10 23993101 24016500 23400 1498727 37
10 24345101 24360100 15000 2044057 26
10 24462001 24468200 6200 2044057 23
10 24487301 24491500 4200 2044057 21
10 24564101 24579900 15800 2044057 17
10 24765001 24784800 19800 2217063 17
10 59498001 59502700 4700 28712 29
10 64466301 64474900 8600 59 1
11 51601 56000 4400 71686 8
11 47071301 47088000 16700 52239 3
11 49057401 49059300 1900 34237 2
11 49062401 49069600 7200 34237 8
11 49072201 49091600 19400 35303 8
11 70168001 70178600 10600 10435 3
11 74253301 74264800 11500 475 1
11 79829301 79841400 12100 78 2
11 97755301 97758900 3600 313 1
11 107284201 107294700 10500 2476 30
11 107299501 107310800 11300 7607 21
12 2798401 2805700 7300 1876525 1
12 3242201 3242500 300 1876525 1
12 8548601 8552300 3700 2568 1
12 32128301 32139800 11500 99363 2
12 32167901 32189900 22000 99363 2
12 55996101 56003400 7300 3844 1
12 70695501 70699300 3800 380836 9
12 70790301 70813800 23500 380836 9
12 71388401 71390100 1700 2484329 1
12 71654201 71670100 15900 2484329 30
12 71681601 71697100 15500 2484329 30
12 71712101 71724600 12500 2484329 30
12 71736601 71738100 1500 2484329 30
12 71738801 71750900 12100 2484329 30
12 71838301 71841500 3200 2484329 33
12 72842101 72858000 15900 2484329 47
12 72862801 72884300 21500 2484329 47
12 72902201 72907300 5100 2484329 47
12 72980301 72986100 5800 2484329 52
12 73005001 73021400 16400 2484329 56
12 73045601 73050700 5100 2484329 64
12 73069101 73070400 1300 2484329 64
12 73086101 73129300 43200 2484329 58
12 73151901 73157700 5800 2484329 68
12 73163001 73169000 6000 2484329 70
12 73171001 73185100 14100 2484329 70
12 73195701 73203000 7300 2484329 70
12 73208101 73217100 9000 2484329 63
12 73218201 73219800 1600 2484329 63
12 73221101 73230300 9200 2484329 64
12 73271901 73273700 1800 2484329 88
12 73304201 73346800 42600 2484329 85
12 73396101 73398700 2600 2484329 85
12 73407601 73412800 5200 2484329 85
12 73420901 73425000 4100 2484329 88
12 73439401 73450700 11300 2484329 90
12 73474901 73487300 12400 2484329 90
12 73489301 73501600 12300 2484329 90
12 73664701 73682500 17800 2484329 96
12 73685401 73699700 14300 2484329 96
12 73701201 73711300 10100 2484329 97
12 73727801 73733100 5300 2484329 78
12 73812401 73827600 15200 2860237 75
12 73828901 73864800 35900 2860237 75
12 74004901 74009400 4500 2860237 95
12 74085801 74089400 3600 2860237 83
12 74273401 74277500 4100 2860237 85
12 74304401 74320700 16300 2860237 80
12 74493101 74529400 36300 2860237 74
12 74727101 74738500 11400 2610053 44
12 74739501 74747200 7700 1771902 37
12 74750301 74755500 5200 1771902 36
12 75235901 75240100 4200 4795398 33
12 75250101 75262100 12000 4795398 33
12 75264701 75273400 8700 4795398 33
12 75279601 75291400 11800 4795398 33
12 75296101 75316000 19900 4795398 33
12 75327001 75392400 65400 4795398 32
12 75448401 75479800 31400 4795398 30
12 75480001 75486400 6400 4795398 30
12 75585001 75586900 1900 4795398 27
12 75869601 75872100 2500 4795398 57
12 75882801 75884300 1500 4795398 54
12 76051001 76061100 10100 4795398 43
12 76063601 76074200 10600 4795398 43
12 76123801 76140200 16400 4795398 42
12 76164301 76170400 6100 4795398 45
12 76187801 76200400 12600 4795398 44
12 76209701 76212300 2600 4795398 45
12 76213301 76216200 2900 4795398 47
12 76218601 76221300 2700 4795398 47
12 76222801 76224400 1600 2357429 46
12 76226901 76231300 4400 2357429 46
12 76249601 76264000 14400 2357429 40
12 76265601 76272800 7200 2357429 41
12 76298301 76301000 2700 2662806 35
12 76301701 76312800 11100 2662806 31
12 76324601 76333600 9000 2662806 28
12 76405701 76407800 2100 2662806 23
12 76419901 76440200 20300 2662806 20
12 76446501 76458900 12400 2662806 11
12 76562001 76578900 16900 2662806 8
12 76584201 76612600 28400 804065 7
12 76615601 76626400 10800 769968 5
12 76639301 76649100 9800 769968 3
12 78652901 78656400 3500 4279 2
12 78669601 78674300 4700 2265 3
12 78681601 78684800 3200 10313 1
13 272901 277100 4200 884090 84
13 868301 886800 18500 5061 31
13 5335901 5341100 5200 311556 1
13 10976601 11003900 27300 391389 27
13 11005801 11044200 38400 391389 27
13 11067201 11080500 13300 391389 29
13 11090901 11098000 7100 391389 31
13 11098201 11104500 6300 391389 31
13 11117801 11137800 20000 391389 31
13 11172201 11243300 71100 470795 8
13 11247701 11287100 39400 470795 26
13 11293601 11300400 6800 288802 11
13 11340801 11390800 50000 288802 4
13 48991401 49021300 29900 22424 19
13 74934301 74944500 10200 70 1
13 80523401 80531600 8200 5187 1
13 83062101 83074100 12000 10521 318
14 17101 21800 4700 419854 19
14 33001 35200 2200 419854 56
14 35401 41300 5900 419854 68
14 64001 66200 2200 419854 84
14 80701 83600 2900 419854 88
14 86901 89100 2200 419854 93
14 89301 93200 3900 419854 88
14 106701 111400 4700 419854 103
14 115801 120700 4900 419854 114
14 135801 144800 9000 419854 119
14 175401 182400 7000 419854 153
14 209001 211800 2800 419854 158
14 223301 226600 3300 419854 140
14 237901 248800 10900 419854 140
14 250001 256400 6400 419854 144
14 263301 270000 6700 419854 146
14 296301 305400 9100 419854 166
14 318201 322900 4700 419854 182
14 326801 357500 30700 419854 185
14 369701 375300 5600 419854 192
14 411401 414800 3400 419854 235
14 431701 442700 11000 1329111 216
14 453901 458800 4900 1329111 221
14 468801 475100 6300 1329111 234
14 478801 490100 11300 1329111 250
14 502701 522500 19800 1329111 292
14 525801 537700 11900 1329111 321
14 540001 541500 1500 1329111 333
14 542101 549100 7000 1329111 332
14 549301 556500 7200 1329111 340
14 564301 566800 2500 1329111 344
14 615801 648200 32400 1329111 281
14 651901 658000 6100 1329111 282
14 668701 677300 8600 1329111 284
14 714001 720200 6200 1329111 250
14 721001 737500 16500 1329111 239
14 737901 745100 7200 1329111 252
14 756501 762200 5700 1329111 255
14 789301 793000 3700 1329111 244
14 798501 801800 3300 1329111 248
14 836701 847600 10900 1329111 230
14 900401 924000 23600 1329111 220
14 945401 948000 2600 1329111 218
14 949101 954700 5600 1329111 193
14 955001 961800 6800 1329111 191
14 991501 995900 4400 1329111 187
14 998401 1000500 2100 1329111 183
14 1001801 1011200 9400 1329111 152
14 1020401 1023600 3200 1329111 147
14 1072801 1076500 3700 1329111 124
14 1076901 1081300 4400 1329111 102
14 1349201 1364000 14800 1181622 13
14 1368501 1370500 2000 1891347 6
14 1588901 1594800 5900 1891347 6
14 2140101 2151200 11100 1891347 6
14 2713001 2718400 5400 36871 1
14 11404901 11411600 6700 50417 1
14 14570401 14572400 2000 324060 2
14 14639101 14641400 2300 324060 2
14 14708301 14709800 1500 324060 2
14 14741301 14745400 4100 324060 2
14 14762101 14764600 2500 324060 2
14 14770201 14775700 5500 324060 2
14 15209901 15212000 2100 71830 1
14 38166401 38172400 6000 5932 1
14 79496601 79524700 28100 50502 2
14 79524901 79547200 22300 113057 8
14 79574801 79584600 9800 113057 3
15 201 7500 7300 5927 9
15 17001 21000 4000 3942 2
15 17504801 17508800 4000 3073817 1
15 18002801 18013800 11000 3073817 1
15 19115001 19134000 19000 3073817 1
15 26585101 26587800 2700 38105 30
15 29424801 29427900 3100 3076 1
15 45433201 45435100 1900 45927 1
15 46855301 46856800 1500 138091 7
15 47880601 47884000 3400 66758 4
15 47885301 47912600 27300 101592 1
15 47922101 47944100 22000 101592 6
15 47973201 47981100 7900 99289 5
15 47992901 47994100 1200 98997 2
15 51614001 51623900 9900 122940 6
15 51712601 51723100 10500 55127 1
15 52249101 52256200 7100 70437 2
15 79946801 79954100 7300 37047 1
15 80925901 80929000 3100 394920 3
15 80956201 80959400 3200 394921 1
15 81875201 81877600 2400 50547 7
15 81896801 81906200 9400 50547 6
15 81913301 81915100 1800 50547 7
15 81923501 81928000 4500 64754 4
15 83429001 83483600 54600 56512 2
16 1 7400 7400 91 4
16 7601 20300 12700 4618 72
16 5570101 5571900 1800 401965 4
16 5818701 5842900 24200 401965 13
16 5871801 5902100 30300 401965 7
16 5902601 5906200 3600 401965 12
16 6021001 6044300 23300 350903 2
16 6647001 6648800 1800 1080417 4
16 6831601 6849300 17700 1080417 4
16 6852101 6871600 19500 1080417 5
16 6894001 6895800 1800 1080417 7
16 6900801 6904500 3700 1080417 7
16 6918301 6921000 2700 1080417 7
16 6921601 6924500 2900 1080417 7
16 6934701 6936600 1900 1080417 7
16 6951201 6961200 10000 1080417 7
16 6996001 7003000 7000 1080417 11
16 7023001 7025400 2400 1080417 11
16 7031201 7033400 2200 1080417 11
16 7049801 7060000 10200 1080417 11
16 7089401 7090500 1100 1080417 13
16 7092201 7104400 12200 1080417 16
16 7109901 7118000 8100 1080417 16
16 7135501 7185600 50100 1080417 18
16 7186001 7221400 35400 1080417 18
16 7226401 7230000 3600 1080417 19
16 7231401 7236300 4900 1080417 19
16 7249901 7280800 30900 1080417 17
16 7282501 7310100 27600 1080417 26
16 7319101 7330700 11600 1080417 35
16 7341701 7360300 18600 1080417 35
16 7361101 7368400 7300 1080417 34
16 7371401 7379600 8200 1080417 33
16 7388801 7399100 10300 1080417 33
16 7399701 7424800 25100 1080417 33
16 7427401 7429800 2400 1080417 33
16 7436701 7446000 9300 1080417 22
16 7448201 7460100 11900 1080417 22
16 7461001 7487900 26900 1080417 16
16 7496801 7502200 5400 1080417 19
16 7502801 7505900 3100 1080417 20
16 7506401 7508600 2200 1080417 20
16 7726601 7732300 5700 309355 18
16 7735501 7738000 2500 309355 18
16 7741901 7783600 41700 309355 9
16 7785601 7787100 1500 309355 10
16 14937001 14952300 15300 71 1
16 55854601 55858400 3800 63569 2
16 63169401 63184500 15100 4700 60
17 2050101 2053000 2900 4380 1
17 14199601 14210400 10800 28227 9
17 14211701 14219800 8100 28227 26
17 14220101 14232300 12200 202804 18
17 14273401 14276900 3500 202804 30
17 25028801 25081300 52500 15686 41
17 35642301 35758200 115900 5497 89
17 50568401 50578300 9900 1899078 5
17 50610401 50616000 5600 1899078 19
17 50624201 50633000 8800 1899078 24
17 50647701 50654500 6800 1899078 24
17 50665601 50668300 2700 1899078 56
17 50698801 50704400 5600 1899078 64
17 50805101 50809900 4800 1899078 56
17 50814601 50818700 4100 1899078 62
17 50832901 50843200 10300 1899078 48
17 50880301 50886500 6200 1899078 67
17 50901501 50906100 4600 1899078 67
17 50932901 50938000 5100 1899078 67
17 50958401 50974100 15700 1899078 77
17 51117201 51150600 33400 1899078 80
17 51153501 51160700 7200 1899078 80
17 51165401 51169800 4400 1899078 80
17 51170301 51173300 3000 1899078 70
17 51372701 51397600 24900 1899078 54
17 51415501 51426400 10900 1899078 47
17 51427501 51431900 4400 1899078 47
17 51438101 51443900 5800 1899078 47
17 51532501 51596000 63500 1899078 41
17 51596201 51598900 2700 1899078 26
17 51625601 51634800 9200 1899078 15
17 51640001 51643000 3000 1899078 17
17 52451001 52454600 3600 1899078 12
17 72818201 72830900 12700 156898 3
17 72878101 72882900 4800 156898 8
17 72890001 72892000 2000 156898 5
18 11433001 11439800 6800 2024 7
18 13421801 13424800 3000 80026 1
18 13426101 13437800 11700 80026 1
18 43814401 43820700 6300 13554 8
18 43820901 43824400 3500 13554 17
18 43824601 43830600 6000 269 2
18 45269101 45281500 12400 234031 1
18 45350001 45365100 15100 234031 1
18 50884001 50886300 2300 222211 14
18 50890101 50894200 4100 222211 20
18 50911001 50914400 3400 222211 15
18 50921301 50923700 2400 222211 15
18 50935101 50939200 4100 222211 15
18 50942401 50944500 2100 222211 17
18 50944801 50948100 3300 222211 18
18 50958601 50962800 4200 222211 18
18 50972201 50974300 2100 222211 18
18 50975001 50977500 2500 222211 18
18 50978001 50980300 2300 222211 18
18 50989801 51002900 13100 222211 18
18 51005501 51010200 4700 222211 25
18 51028201 51030800 2600 222211 32
18 51036801 51046400 9600 222211 32
18 51048701 51050300 1600 222211 30
18 51055501 51062700 7200 222211 28
18 51091901 51106200 14300 222165 14
18 51109601 51113000 3400 108801 5
18 51753101 51755700 2600 39997 17
18 51766101 51776200 10100 39997 6
18 57565701 57573400 7700 576538 8
18 57604201 57615400 11200 576538 1
18 57618401 57669500 51100 576538 5
18 57669801 57676700 6900 576538 9
18 57677601 57719400 41800 77418 12
18 58268301 58270500 2200 1283052 1
18 58468701 58485200 16500 1283052 2
18 58924201 58935900 11700 1283052 2
18 59352201 59356900 4700 1283052 1
18 59684501 59687200 2700 268152 1
18 60046201 60061000 14800 103733 1
18 60067401 60081300 13900 103733 6
18 60090401 60094600 4200 103733 5
18 61340701 61343800 3100 412522 11
18 61352401 61359400 7000 412522 25
18 61360901 61375700 14800 412522 25
18 61383201 61400700 17500 412522 20
18 61401401 61410900 9500 412522 5
18 61411301 61425700 14400 412522 5
18 61530701 61532700 2000 412522 20
18 61554901 61565300 10400 412522 7
18 61595001 61617400 22400 412522 6
18 61636601 61644400 7800 261641 4
18 63220501 63249700 29200 13543 1
18 63286701 63289600 2900 122211 1
18 63753801 63761700 7900 145725 1
18 63808201 63809900 1700 26025 1
18 63915001 63921000 6000 110478 3
19 3301 10600 7300 96 1
19 3423001 3436500 13500 911295 1
19 4027901 4032700 4800 26079 6
19 12537501 12545500 8000 1080578 7
19 27864701 27884900 20200 35418 1
19 47637501 47644300 6800 9940 1
19 48892501 48898600 6100 14290 2
19 57725401 57730500 5100 9383 2
19 61925801 61930400 4600 2803 8
20 4973001 4978000 5000 77 1
20 15037001 15041400 4400 100 1
21 1420101 1428700 8600 660389 3
21 1747101 1751600 4500 660389 4
21 1806301 1810000 3700 660389 4
21 1878201 1883600 5400 660389 4
21 1919801 1927000 7200 567328 3
21 1927401 1942000 14600 567328 3
21 1947001 1960200 13200 567328 3
21 1971801 1974100 2300 441183 4
21 1975701 1977600 1900 443884 3
21 1990201 1991900 1700 2723747 2
21 2075301 2078300 3000 2723747 2
21 2086201 2087700 1500 2723747 8
21 2108401 2113900 5500 2723747 17
21 2128101 2130400 2300 2723747 6
21 2977401 2981100 3700 2723747 4
21 3225301 3232800 7500 2723747 4
21 3697101 3700400 3300 2723747 2
21 3849901 3853500 3600 2723747 2
21 3934901 3938700 3800 2723747 2
21 4236001 4240000 4000 2723747 2
21 20621101 20625400 4300 574484 4
21 20638701 20641900 3200 574484 4
21 35212701 35216200 3500 18347 2
21 35221601 35223700 2100 18347 9
21 59331901 59334500 2600 2691 1
21 71525101 71532400 7300 35955 6
22 2881701 2887400 5700 26477 7
22 42405801 42409100 3300 28205 2
22 42418501 42426400 7900 28205 2
23 9841001 9845700 4700 2835 14
23 26642101 26664100 22000 48830 1
23 27715301 27722400 7100 63439 10
23 28373401 28375900 2500 46056 15
23 28452201 28455800 3600 171739 20
23 28481201 28488800 7600 171739 49
23 28491101 28494800 3700 171739 35
23 28495301 28503500 8200 171739 22
23 28507001 28511000 4000 35637 13
23 28514301 28517100 2800 38926 11
23 28521901 28529000 7100 74626 9
23 28544501 28553000 8500 74626 5
23 30488601 30492800 4200 127001 2
23 31012501 31014600 2100 1334578 1
23 48065901 48069800 3900 1131895 1
24 12813901 12816800 2900 133480 2
24 12817001 12820000 3000 133480 2
24 27538101 27541900 3800 152500 4
24 42951601 42955700 4100 1938219 1
24 43274301 43284400 10100 1938219 1
24 43287901 43293000 5100 1938219 1
24 43418501 43422700 4200 1938219 1
24 44379601 44383800 4200 1938219 1
24 47067801 47071500 3700 3449 1
24 53624601 53628900 4300 365533 1
24 56925701 56930700 5000 1048 1
24 56951001 56955100 4100 27709 1
24 62361701 62369700 8000 624165 3
24 62374101 62377900 3800 624165 17
24 62378401 62391400 13000 624165 12
24 62393101 62396000 2900 624165 12
24 62401701 62427700 26000 624165 12
25 2504701 2514300 9600 12455 6
25 2654901 2656900 2000 12403 2
25 18663201 18672300 9100 15897 1
25 18673301 18677400 4100 15897 1
25 19012501 19027500 15000 37125 21
25 19042101 19046600 4500 37124 8
25 30275901 30310600 34700 246 1
25 32468101 32472800 4700 2580 1
25 35517901 35526400 8500 5523 2
26 401 7000 6600 2401 19
26 25499001 25505800 6800 6544 2
26 42786201 42795100 8900 3294 4
26 50590601 50608400 17800 34209 4
27 901901 907900 6000 209 1
27 4876701 4887400 10700 242026 6
27 5039001 5041500 2500 242026 9
27 5100601 5107300 6700 740751 8
27 5183901 5189000 5100 740751 15
27 5228701 5235300 6600 740751 13
27 5235901 5264100 28200 740751 28
27 5267801 5292300 24500 740751 32
27 5317701 5332900 15200 740751 31
27 5343301 5350600 7300 740751 31
27 5433301 5438100 4800 740751 29
27 5449301 5451500 2200 740751 38
27 5482201 5486300 4100 740751 34
27 5495901 5499000 3100 740751 34
27 5501401 5508000 6600 740751 34
27 5509301 5513300 4000 740751 36
27 5516601 5519500 2900 740751 36
27 5533001 5554600 21600 740751 36
27 5556701 5560000 3300 740751 34
27 5765201 5807500 42300 934963 27
27 5822901 5850600 27700 934963 30
27 5917101 5920800 3700 934963 39
27 5933601 5935800 2200 934963 38
27 5948901 5953100 4200 934963 45
27 5953601 6020100 66500 997185 33
27 6020701 6030500 9800 997185 37
27 6031001 6037400 6400 997185 37
27 6154401 6157300 2900 997185 34
27 6165901 6205200 39300 997185 27
27 6218401 6225300 6900 997185 27
27 6225601 6237100 11500 583367 15
27 6449201 6468400 19200 583367 6
27 10377901 10383600 5700 313 1
27 10383801 10391900 8100 1386 3
27 10392101 10394800 2700 222420 19
27 24007001 24011300 4300 2636530 40
27 25993801 25997500 3700 2636530 40
27 26328601 26389700 61100 8591 32
27 28460201 28470200 10000 205 1
27 28482101 28490700 8600 69486 110
27 28496001 28500900 4900 69486 187
27 28518401 28527400 9000 69486 273
27 28533501 28538800 5300 101034 313
27 28539101 28543700 4600 101034 358
27 28543901 28548300 4400 101034 371
27 28548501 28552700 4200 101034 371
27 28559101 28579700 20600 192699 361
27 28601101 28609300 8200 192699 519
27 28609701 28643200 33500 192699 559
27 28674501 28677600 3100 386914 873
27 28704401 28718900 14500 386914 802
27 28768501 28772000 3500 386914 656
27 28787801 28794300 6500 386914 569
27 28807201 28816100 8900 386914 597
27 28847701 28852500 4800 386914 448
27 28852701 28859100 6400 425836 455
27 28878101 28881600 3500 425836 370
27 28916601 28929800 13200 273 1
27 37579901 37586100 6200 549 1
27 37630601 37637700 7100 978 1
28 2367601 2377000 9400 2683733 9
28 2377601 2379100 1500 2683733 26
28 2412701 2418600 5900 2683733 21
28 2419801 2427900 8100 2683733 7
28 2650201 2654300 4100 2683733 11
28 2939901 2944000 4100 2683733 7
28 3465601 3470900 5300 2683733 7
28 3493301 3496500 3200 2683733 7
28 3573201 3578200 5000 2683733 7
28 9059901 9063200 3300 1484507 1
28 35680301 35683500 3200 221871 3
28 35786601 35789900 3300 221871 2
28 38878801 38883900 5100 11815 1
28 39279701 39292700 13000 46011 27
28 39310501 39318100 7600 46011 48
29 5461001 5466100 5100 387238 6
29 5492401 5494200 1800 387238 6
29 5501901 5542700 40800 387238 6
29 5544901 5550000 5100 387238 26
29 5570901 5577800 6900 387238 29
29 5592401 5598900 6500 387238 29
29 5602001 5682700 80700 387238 14
29 5688501 5693200 4700 387238 13
29 5783901 5794900 11000 325 1
29 9481301 9486700 5400 570275 8
29 12113801 12116800 3000 3039 1
29 19400901 19425300 24400 17782 19
29 19434501 19438900 4400 27843 17
29 27737501 27741700 4200 737755 6
29 27798501 27800400 1900 737755 10
29 27904501 27906700 2200 737755 10
29 28395201 28396600 1400 29285 8
29 30224901 30234500 9600 8600 102
29 30234701 30241700 7000 70531 55
29 30243801 30247800 4000 70531 65
29 30252201 30267800 15600 70531 105
29 30280801 30286000 5200 70531 158
29 30286201 30335000 48800 156518 139
29 30343801 30348900 5100 156518 176
29 30349101 30356700 7600 156518 147
29 30358301 30367300 9000 156518 123
29 30374901 30380400 5500 156518 95
29 39114201 39143400 29200 1501048 11
29 39532301 39537300 5000 1501048 13
29 39675601 39697400 21800 1501048 13
29 40249501 40258800 9300 1160208 1
29 41214201 41217100 2900 1160208 1
29 42468001 42472700 4700 55320 5
30 4224101 4263200 39100 911417 1
30 4269801 4273200 3400 911417 1
30 4279101 4290100 11000 911417 1
30 4311601 4312800 1200 116134 2
30 4332801 4335800 3000 116134 4
30 4336001 4341400 5400 116134 4
30 4361801 4368600 6800 116134 5
30 4524101 4531100 7000 911417 1
30 5082601 5088300 5700 911417 2
30 5095601 5102400 6800 911417 2
30 5109301 5116900 7600 911417 2
30 5117601 5120300 2700 911417 1
30 8731801 8739400 7600 7611 1
30 14346101 14367900 21800 73 1
30 16602601 16605900 3300 973336 1
30 16640201 16644600 4400 973336 24
30 16741901 16744300 2400 973336 17
30 16959201 16965000 5800 973336 11
30 18826301 18830900 4600 211151 27
30 18835801 18837400 1600 211151 32
30 18838701 18840300 1600 211151 34
30 18863101 18875400 12300 211151 32
30 18939501 18941600 2100 211151 29
30 18946901 18951000 4100 211151 30
30 18951601 18954700 3100 211151 30
30 18959101 18963900 4800 211151 31
30 18969801 18974100 4300 211151 33
30 18975901 18993900 18000 211151 28
30 19004901 19009500 4600 211151 30
30 19015701 19017900 2200 272084 12
30 19021101 19024300 3200 272084 9
30 19047101 19048800 1700 272084 5
30 19049001 19051800 2800 272084 4
30 19059801 19062900 3100 272084 6
30 19080901 19084600 3700 52809 3
30 28504701 28508500 3800 690474 13
30 29037501 29039500 2000 741881 15
30 29924501 29928400 3900 1794534 3
30 35651001 35666000 15000 197992 1
30 35677901 35680100 2200 197992 5
30 35680901 35683800 2900 197992 4
30 35685001 35690100 5100 197992 6
30 35744201 35749100 4900 197992 24
30 35772801 35776500 3700 197992 31
30 35868101 35871100 3000 409215 36
30 35877001 35878900 1900 409215 31
30 35884201 35889600 5400 409215 29
30 35924401 35928100 3700 409215 29
30 35965401 35975400 10000 409215 29
30 35998401 36000600 2200 409215 31
30 36023501 36025100 1600 409215 33
30 36034601 36036800 2200 409215 27
30 36065001 36069200 4200 589907 24
30 36077601 36080000 2400 589907 21
30 36137401 36142500 5100 589907 21
30 36171001 36173800 2800 589907 21
30 36183301 36187600 4300 589907 21
30 36208701 36209700 1000 589907 22
30 36237901 36242100 4200 589907 22
30 36260901 36262400 1500 589907 22
30 36279401 36282800 3400 1634521 21
30 36287101 36292700 5600 1634521 21
30 36319101 36321400 2300 1634521 21
30 36345201 36347600 2400 1634521 21
30 36441501 36445200 3700 1634521 21
30 36521301 36523300 2000 1634521 21
30 36559201 36563200 4000 1634521 21
30 36570701 36577000 6300 1634521 21
30 36588701 36593400 4700 1634521 15
30 36673801 36676800 3000 1634521 16
30 36836801 36841800 5000 1634521 12
30 36865901 36867000 1100 1634521 11
30 36867201 36871700 4500 1634521 11
30 36880001 36888200 8200 1634521 11
30 36893501 36897200 3700 1634521 11
30 37128301 37132100 3800 1634521 5
30 37155501 37159500 4000 1634521 5
30 37199101 37200600 1500 1634521 5
30 37214101 37216700 2600 1634521 5
30 37222201 37226600 4400 1634521 5
30 37275501 37277100 1600 1634521 5
30 37282801 37286500 3700 1634521 5
30 37517601 37520100 2500 522154 1
30 37580401 37582600 2200 522154 1
30 37645801 37648300 2500 522154 1
30 37668901 37671900 3000 522154 1
30 37695601 37701400 5800 522154 1
30 37701701 37709200 7500 522154 1
30 37719601 37723500 3900 522154 1
30 37728201 37734200 6000 522154 1
30 37758801 37760800 2000 522154 1
30 37795101 37798100 3000 522154 1
30 37798501 37807700 9200 522154 1
30 37808201 37810300 2100 522154 1
30 37815701 37822700 7000 522154 1
30 37822901 37825400 2500 522154 1
30 37825801 37831700 5900 522154 1
30 37832001 37833700 1700 522154 1
30 37900801 37903400 2600 522154 1
30 37926601 37929200 2600 522154 1
30 37940001 37947900 7900 522154 2
30 37953101 37955600 2500 522154 1
30 37973301 37975300 2000 522154 1
30 37999501 38001900 2400 522154 1
30 38013601 38015600 2000 522154 1
30 38017501 38020300 2800 522154 1
30 38485401 38487900 2500 80494 1
30 39180501 39183300 2800 148027 2
30 39187801 39207300 19500 148027 2
30 39210101 39213800 3700 148027 5
30 39214401 39223500 9100 148027 5
30 39224501 39241400 16900 148027 5
30 39245001 39270800 25800 148027 5
30 39276101 39277900 1800 148027 6
30 40842201 40849400 7200 72919 4
30 40881701 40883900 2200 72918 1
30 50636101 50640700 4600 83664 1
30 53822501 53832200 9700 452831 4
30 53835201 53842000 6800 452831 4
30 53886101 53941900 55800 452831 4
30 53971901 53974900 3000 452831 13
30 53986201 54018300 32100 452831 17
30 54062801 54097400 34600 452831 28
30 54098701 54120900 22200 452831 28
30 54155201 54157700 2500 452831 27
30 54163601 54172100 8500 452831 27
30 54232401 54245300 12900 452831 25
30 54255201 54259000 3800 452831 26
30 54266301 54270100 3800 443926 22
30 54305901 54315000 9100 443926 18
30 54338601 54344500 5900 443926 16
30 54369001 54371900 2900 443926 19
30 54381201 54385700 4500 443926 19
30 54386501 54387700 1200 443926 19
30 54397401 54399700 2300 443926 19
30 54444701 54459300 14600 531287 2
30 55919301 55922000 2700 24114 1
30 55930801 55936600 5800 24114 1
30 55941201 55943400 2200 24114 1
30 56442101 56446800 4700 258214 2
30 56939401 56941800 2400 3445434 1
30 57063401 57064700 1300 3445434 1
30 57064901 57071100 6200 3445434 1
30 57076501 57081600 5100 3445434 1
30 57107501 57138700 31200 3445434 1
30 57367101 57386800 19700 3445434 1
30 57467101 57476400 9300 3445434 1
30 57509201 57512500 3300 3445434 1
30 58015801 58018800 3000 3445434 1
30 58027401 58032700 5300 3445434 1
30 58308001 58323900 15900 3445434 1
30 58327601 58339900 12300 32234 3
30 58341501 58344000 2500 32234 3
30 58346701 58352400 5700 3445434 1
30 58357301 58359400 2100 3445434 1
30 58386601 58389000 2400 3445434 1
30 58409201 58412300 3100 3445434 1
30 58416801 58419200 2400 3445434 1
30 58423801 58426700 2900 3445434 1
30 58427401 58429400 2000 3445434 1
30 58429701 58431400 1700 3445434 1
30 58438601 58448400 9800 3445434 1
30 58449201 58453800 4600 3445434 2
30 58457101 58514900 57800 3445434 2
30 62078201 62082100 3900 3161 26
30 63626301 63627400 1100 17391 10
30 63779901 63783600 3700 25104 1
30 63823701 63833700 10000 46884 1
30 63834101 63843200 9100 46884 3
30 63865001 63871700 6700 142804 2
30 63895101 63907700 12600 142804 4
30 63910301 63935200 24900 142804 7
30 63936401 63939600 3200 142804 20
30 63946801 63949000 2200 142804 9
30 63949301 63951500 2200 142804 9
30 63960201 63972500 12300 142804 9
30 63982601 63985700 3100 183558 8
30 64084101 64101700 17600 269699 6
30 64109401 64115400 6000 269699 8
30 64116301 64127200 10900 269699 8
30 64131901 64134200 2300 269699 10
30 64140901 64145200 4300 269699 12
30 64149501 64150800 1300 269699 15
30 64154201 64158900 4700 269699 15
30 64165501 64170300 4800 269699 11
30 64170601 64173200 2600 269699 11
30 64173601 64206600 33000 563392 8
30 64213201 64219500 6300 563392 8
30 64232401 64241400 9000 563392 8
30 64249001 64253600 4600 563392 9
30 64278301 64279800 1500 563392 9
30 64281701 64301400 19700 563392 13
30 64453301 64465500 12200 563392 11
30 64480501 64481800 1300 563392 10
30 64504601 64512100 7500 563392 9
30 64563901 64566000 2100 1250052 1
30 84044601 84046800 2200 219650 1
30 84099701 84103600 3900 219650 3
30 84104101 84108700 4600 219650 3
30 84116901 84120000 3100 219650 4
30 84125201 84144500 19300 219650 2
30 84209801 84214800 5000 219650 2
30 84317101 84319000 1900 268218 1
30 89906401 89963600 57200 69508 3
30 89965801 89977300 11500 100 3
30 91372701 91386900 14200 1651379 44
30 91413101 91421600 8500 1651379 44
30 91529001 91538400 9400 1651379 44
30 91575001 91578400 3400 1651379 45
30 91611701 91625400 13700 1651379 44
30 91643001 91646500 3500 1651379 44
30 92758901 92776700 17800 1651379 44
30 94540601 94547900 7300 311709 2
30 94577001 94604600 27600 311709 5
30 94609201 94611000 1800 311709 21
30 94651001 94680700 29700 311709 20
30 94699901 94728400 28500 311709 21
30 94737401 94757700 20300 311709 3
30 94849201 94861200 12000 314050 2
30 94883201 94889200 6000 314050 2
30 94920601 94937000 16400 314050 2
30 94946301 94951600 5300 314050 2
30 108651101 108655900 4800 82 1
30 123649401 123653200 3800 598782 2
30 123752701 123760100 7400 598782 10
30 123768001 123770800 2800 598782 13
30 123800001 123808000 8000 598782 10
30 123963701 123975900 12200 598782 15
30 123979101 123991800 12700 598782 15
30 123992801 123995400 2600 598782 16
30 123996401 123999900 3500 598782 16
30 124004001 124006300 2300 598782 15
30 124014301 124038000 23700 598782 14
30 124047201 124053200 6000 598782 16
30 124056701 124062200 5500 598782 16
30 124063601 124073300 9700 598782 10
30 124184501 124187800 3300 598782 4
30 124189901 124197600 7700 597837 3
30 124232501 124234400 1900 597837 3
30 124242501 124248900 6400 597837 3
30 124258601 124262100 3500 597837 1
30 124266601 124271100 4500 597837 1
30 128162201 128166700 4500 588 1
30 131171601 131173900 2300 318262 1
30 131202001 131204100 2100 318262 1
30 131239001 131240600 1600 318262 1
30 131258801 131260700 1900 318262 1
30 131264101 131272200 8100 318262 1
30 131280901 131285400 4500 318262 1
30 131285701 131288600 2900 318262 1
30 131292001 131294400 2400 318262 1
30 131311701 131315300 3600 318262 1
30 131317201 131322600 5400 318262 1
30 131330001 131332100 2100 318262 1
30 133771501 133778200 6700 237446 2
30 137171001 137173000 2000 17088 1
30 137277801 137279200 1400 1103085 1
30 137326801 137348300 21500 1103085 2
30 137349101 137497900 148800 1103085 2
30 137806801 137827100 20300 1103085 10
30 137829301 137830800 1500 1103085 10
30 137839701 137841500 1800 1103085 10
30 137873101 137878300 5200 1103085 10
30 137894001 137895300 1300 1103085 10
30 137900701 137904400 3700 1103085 10
30 137913701 137915000 1300 1103085 10
30 137944201 137984200 40000 1103085 10
30 137984701 137992600 7900 1103085 10
30 138007601 138011300 3700 1103085 10
30 138018301 138021200 2900 1103085 10
30 138034501 138070000 35500 1103085 10
30 138071801 138105600 33800 1103085 10
30 138117501 138163300 45800 1103085 10
30 138164001 138190400 26400 1103085 10
30 138190901 138198400 7500 1103085 10
30 138199201 138227000 27800 1103085 10
30 138228201 138231500 3300 1103085 10
30 138231901 138235400 3500 1103085 10
30 138240701 138259100 18400 1103085 10
30 138259801 138320600 60800 1103085 10
30 138334101 138344700 10600 1954648 9
30 138484301 138486400 2100 1954648 11
30 138516801 138519600 2800 1954648 11
30 138537301 138580000 42700 1954648 11
30 138580901 138652800 71900 1954648 15
30 138654001 138715200 61200 1954648 15
30 138717501 138722700 5200 1954648 17
30 138724501 138842800 118300 1954648 17
30 138850001 138882700 32700 1954648 17
30 138903201 138947900 44700 1954648 17
30 138948301 138981300 33000 1954648 17
30 138987901 138992300 4400 1954648 17
30 138999501 139043500 44000 1954648 17
30 139227501 139236600 9100 1954648 23
30 139257101 139280900 23800 1897051 22
30 139289701 139293500 3800 1897051 22
30 139323501 139325000 1500 1897051 22
30 139388901 139394100 5200 1897051 22
30 139397101 139401400 4300 1897051 22
30 139421801 139424000 2200 1897051 22
30 139426001 139427900 1900 1897051 22
30 139592301 139594900 2600 1897051 20
30 139634301 139641700 7400 1855910 14
30 139655601 139658200 2600 159663 9
30 139686401 139688800 2400 1053034 8
30 139690001 139692800 2800 1053034 8
30 139693401 139703300 9900 1053034 8
30 139736601 139745900 9300 1053034 8
30 139746301 139757900 11600 1053034 8
30 139761101 139776200 15100 1053034 8
30 140115201 140137500 22300 3295666 2
30 140138401 140240600 102200 3295666 5
30 140243101 140274200 31100 3295666 2
30 140274701 140289900 15200 3295666 2
30 140296201 140307400 11200 3295666 2
30 140309401 140346500 37100 3295666 2
30 140351401 140354800 3400 3295666 2
30 140355401 140361500 6100 3295666 2
30 140366101 140384300 18200 3295666 2
30 140389001 140390700 1700 3295666 2
30 140402001 140405800 3800 3295666 3
30 141235301 141237500 2200 3295666 2
30 143389201 143403100 13900 3295666 2
30 144381401 144415600 34200 473560 1
30 144437501 144557300 119800 473560 1
30 144562601 144656800 94200 473560 1
30 144658901 144672300 13400 473560 1
30 144677801 144745400 67600 473560 4
30 144794001 144967500 173500 91 1
30 145121101 145316400 195300 65 1
30 147193401 147328900 135500 2783 7
